000001
000002
000003
000004
000005
000006
000007
000008
000016
000017
000018
000024
000027
000028
000030
000031
000032
000034
000037
000040
000042
000046
000051
000054
000055
000056
000059
000060
000061
000066
000067
000068
000071
000074
000077
000080
000081
000083
000084
000085
000088
000089
000090
000091
000093
000094
000095
000098
000099
000101
000102
000103
000104
000106
000108
000110
000113
000117
000121
000122
000125
000131
000135
000138
000140
000143
000146
000148
000153
000154
000156
000157
000158
000163
000164
000165
000166
000168
000170
000172
000173
000174
000176
000178
000179
000180
000183
000184
000185
000186
000187
000189
000190
000191
000192
000193
000196
000198
000199
000200
000201
000202
000203
000206
000209
000210
000214
000216
000220
000226
000227
000228
000230
000232
000235
000236
000237
000239
000240
000241
000243
000247
000248
000251
000252
000253
000260
000262
000264
000266
000268
000271
000273
000274
000276
000277
000279
000280
000283
000285
000286
000289
000292
000293
000296
000299
000302
000303
000305
000307
000309
000310
000311
000312
000313
000316
000319
000322
000324
000325
000326
000327
000328
000329
000330
000332
000334
000336
000338
000343
000346
000347
000348
000350
000351
000354
000355
000358
000362
000363
000366
000369
000372
000376
000377
000378
000379
000380
000381
000382
000383
000384
000386
000388
000389
000390
000391
000396
000402
000406
000409
000410
000412
000413
000415
000419
000422
000423
000424
000425
000426
000427
000428
000430
000431
000432
000433
000434
000435
000436
000438
000441
000442
000445
000446
000452
000456
000458
000459
000460
000463
000465
000466
000467
000468
000470
000474
000475
000476
000477
000480
000481
000483
000485
000487
000488
000490
000494
000497
000499
000500
000501
000505
000507
000509
000511
000512
000513
000516
000517
000518
000522
000523
000526
000528
000529
000530
000534
000536
000537
000538
000539
000540
000542
000544
000547
000548
000549
000550
000551
000558
000559
000561
000562
000564
000568
000570
000572
000579
000580
000581
000584
000587
000588
000591
000593
000594
000595
000596
000597
000602
000603
000604
000610
000613
000616
000619
000620
000621
000623
000624
000625
000629
000630
000636
000638
000640
000644
000645
000646
000648
000650
000652
000653
000656
000658
000659
000662
000665
000666
000667
000668
000669
000672
000676
000677
000680
000681
000690
000693
000698
000705
000706
000710
000711
000714
000716
000719
000720
000726
000728
000729
000731
000732
000735
000736
000737
000740
000741
000743
000744
000745
000746
000747
000748
000754
000755
000757
000762
000763
000766
000767
000768
000771
000773
000774
000776
000778
000781
000782
000784
000786
000789
000792
000794
000795
000797
000802
000803
000804
000806
000809
000811
000812
000814
000815
000816
000820
000821
000822
000823
000829
000831
000833
000835
000838
000839
000841
000844
000846
000848
000854
000855
000858
000861
000862
000863
000864
000866
000868
000869
000870
000871
000874
000875
000879
000880
000881
000882
000883
000888
000894
000897
000898
000900
000901
000904
000905
000907
000908
000909
000915
000918
000922
000925
000926
000933
000935
000939
000940
000943
000944
000945
000948
000949
000951
000955
000959
000962
000964
000965
000968
000970
000971
000972
000973
000975
000976
000979
000980
000981
000984
000985
000986
000988
000991
000993
000994
000996
000997
001001
001002
001003
001006
001008
001011
001013
001016
001018
001019
001020
001021
001022
001023
001025
001027
001030
001031
001033
001034
001038
001042
001043
001046
001047
001050
001052
001055
001061
001062
001064
001066
001067
001070
001071
001072
001074
001075
001076
001078
001083
001086
001091
001092
001095
001103
001105
001107
001108
001110
001113
001114
001116
001119
001120
001121
001123
001125
001128
001129
001130
001131
001132
001133
001140
001141
001142
001144
001147
001152
001153
001154
001160
001161
001162
001163
001164
001165
001166
001167
001168
001170
001171
001172
001174
001175
001177
001178
001194
001196
001199
001201
001203
001205
001207
001209
001210
001213
001214
001216
001217
001219
001222
001224
001226
001230
001236
001238
001240
001242
001243
001245
001248
001249
001252
001253
001255
001257
001262
001263
001265
001266
001268
001270
001272
001273
001274
001279
001280
001282
001284
001285
001289
001291
001297
001298
001299
001300
001301
001302
001303
001304
001307
001312
001313
001314
001315
001317
001318
001324
001325
001326
001327
001329
001330
001331
001334
001338
001340
001341
001342
001348
001354
001355
001357
001361
001362
001369
001374
001375
001376
001380
001381
001382
001385
001386
001388
001391
001394
001397
001400
001402
001405
001406
001407
001411
001414
001416
001417
001418
001421
001422
001423
001424
001425
001426
001427
001428
001433
001434
001436
001438
001439
001440
001442
001444
001446
001448
001449
001450
001452
001455
001458
001462
001464
001465
001470
001472
001473
001477
001478
001480
001481
001482
001483
001484
001485
001486
001488
001489
001490
001493
001497
001499
001500
001501
001503
001506
001510
001515
001516
001517
001524
001525
001528
001529
001533
001536
001537
001538
001539
001541
001546
001547
001550
001554
001555
001556
001557
001560
001561
001562
001567
001568
001576
001580
001581
001582
001585
001594
001597
001600
001601
001602
001606
001608
001616
001619
001622
001623
001626
001634
001635
001636
001641
001643
001652
001653
001655
001656
001661
001662
001666
001668
001669
001670
001672
001673
001674
001678
001679
001681
001682
001685
001686
001687
001688
001694
001696
001701
001702
001704
001707
001708
001710
001711
001715
001717
001722
001727
001732
001733
001734
001738
001741
001743
001744
001745
001747
001750
001751
001752
001753
001755
001757
001758
001759
001760
001761
001762
001764
001769
001771
001773
001774
001776
001777
001780
001781
001782
001783
001789
001790
001791
001792
001794
001795
001796
001797
001798
001799
001802
001804
001805
001807
001808
001809
001810
001811
001816
001820
001821
001823
001824
001826
001828
001829
001830
001832
001834
001835
001836
001837
001843
001845
001848
001851
001853
001854
001859
001860
001862
001863
001864
001867
001870
001873
001875
001876
001877
001879
001880
001881
001885
001888
001889
001894
001895
001896
001897
001902
001904
001905
001906
001909
001910
001911
001920
001921
001924
001925
001933
001936
001937
001938
001940
001941
001942
001944
001945
001946
001948
001952
001953
001955
001957
001958
001959
001960
001963
001966
001967
001968
001972
001976
001979
001981
001982
001983
001989
001990
001993
001994
001998
002003
002004
002007
002009
002013
002015
002018
002021
002023
002025
002028
002029
002030
002032
002034
002037
002039
002043
002045
002046
002047
002049
002052
002055
002056
002059
002060
002061
002062
002065
002067
002069
002070
002073
002074
002076
002077
002079
002080
002082
002085
002088
002089
002092
002096
002099
002102
002104
002107
002113
002114
002120
002126
002130
002135
002136
002137
002138
002139
002140
002143
002145
002147
002148
002149
002150
002151
002153
002154
002157
002159
002161
002162
002163
002164
002168
002181
002183
002188
002192
002193
002194
002195
002196
002197
002201
002205
002206
002207
002210
002211
002212
002217
002218
002224
002227
002229
002232
002234
002236
002238
002240
002242
002244
002245
002249
002251
002255
002263
002264
002265
002266
002268
002269
002272
002275
002279
002281
002282
002283
002285
002286
002289
002291
002292
002295
002296
002297
002299
002303
002304
002305
002306
002307
002308
002310
002311
002314
002315
002317
002318
002319
002322
002323
002325
002328
002329
002330
002331
002332
002333
002337
002342
002343
002344
002345
002346
002348
002350
002351
002352
002358
002361
002362
002365
002372
002373
002374
002375
002377
002381
002382
002383
002387
002388
002395
002396
002397
002398
002400
002403
002404
002409
002411
002412
002417
002418
002419
002421
002423
002425
002427
002428
002432
002434
002437
002440
002441
002443
002444
002446
002447
002449
002454
002455
002458
002465
002470
002472
002473
002474
002477
002483
002484
002485
002488
002489
002491
002492
002493
002495
002498
002505
002506
002507
002509
002510
002513
002516
002522
002523
002525
002526
002528
002530
002532
002533
002535
002538
002542
002543
002545
002546
002547
002549
002551
002552
002557
002558
002559
002563
002565
002566
002568
002569
002570
002571
002573
002574
002575
002576
002577
002578
002579
002580
002581
002584
002587
002589
002590
002592
002596
002599
002600
002602
002603
002607
002608
002609
002610
002612
002613
002614
002617
002618
002620
002622
002623
002624
002626
002628
002629
002630
002631
002636
002638
002641
002642
002643
002644
002645
002646
002647
002648
002649
002652
002653
002654
002655
002657
002662
002665
002670
002671
002672
002673
002674
002677
002678
002679
002681
002682
002683
002685
002687
002694
002696
002698
002700
002704
002705
002708
002714
002715
002719
002720
002721
002723
002726
002727
002728
002730
002731
002732
002733
002735
002736
002737
002740
002742
002745
002746
002747
002751
002753
002754
002756
002757
002758
002759
002760
002762
002764
002765
002766
002771
002772
002775
002776
002780
002783
002784
002786
002787
002788
002789
002790
002792
002793
002794
002795
002797
002799
002802
002803
002804
002808
002810
002812
002813
002814
002817
002822
002823
002827
002829
002831
002833
002835
002838
002841
002842
002843
002844
002845
002847
002851
002852
002853
002859
002860
002861
002868
002871
002872
002874
002875
002878
002880
002881
002882
002885
002886
002887
002890
002893
002898
002900
002901
002902
002907
002908
002911
002912
002913
002915
002916
002917
002920
002922
002923
002927
002928
002930
002937
002938
002939
002941
002942
002944
002946
002955
002960
002961
002963
002964
002965
002966
002967
002970
002971
002972
002974
002975
002980
002981
002982
002987
002990
002992
002993
002999
003000
003001
003003
003004
003005
003009
003011
003012
003013
003014
003016
003018
003019
003020
003021
003023
003025
003028
003031
003037
003038
003039
003041
003042
003043
003045
003046
003049
003052
003053
003058
003059
003061
003062
003064
003067
003068
003069
003072
003073
003081
003082
003084
003086
003092
003093
003094
003096
003101
003102
003103
003105
003106
003108
003112
003113
003115
003117
003118
003121
003126
003127
003128
003130
003131
003133
003134
003136
003140
003143
003144
003147
003148
003150
003152
003153
003154
003157
003159
003160
003163
003166
003168
003169
003172
003175
003177
003178
003179
003187
003188
003191
003193
003194
003195
003196
003197
003198
003201
003202
003203
003211
003212
003215
003216
003217
003220
003222
003224
003225
003226
003228
003230
003232
003233
003236
003246
003247
003248
003249
003250
003251
003252
003254
003256
003257
003258
003259
003260
003261
003262
003263
003264
003265
003267
003270
003272
003275
003277
003278
003279
003283
003284
003292
003293
003295
003296
003303
003305
003306
003307
003308
003311
003312
003313
003317
003320
003323
003324
003325
003326
003327
003330
003331
003332
003334
003335
003339
003341
003346
003347
003349
003354
003356
003357
003358
003364
003365
003367
003371
003372
003373
003374
003375
003377
003378
003380
003387
003390
003392
003394
003395
003396
003398
003400
003401
003403
003405
003406
003408
003410
003413
003414
003415
003417
003418
003419
003421
003423
003424
003426
003427
003428
003430
003432
003435
003437
003438
003439
003440
003443
003446
003453
003455
003458
003464
003465
003468
003469
003470
003472
003475
003476
003477
003478
003483
003484
003485
003487
003488
003489
003490
003493
003494
003495
003498
003499
003504
003505
003510
003511
003513
003514
003516
003519
003520
003521
003522
003523
003525
003527
003530
003531
003532
003534
003535
003544
003550
003551
003555
003556
003557
003558
003560
003561
003564
003565
003567
003568
003569
003570
003571
003574
003577
003578
003581
003583
003584
003585
003586
003587
003588
003589
003592
003595
003598
003600
003601
003602
003603
003604
003606
003607
003608
003611
003615
003618
003622
003624
003626
003628
003629
003636
003641
003642
003643
003645
003647
003648
003650
003653
003658
003659
003660
003664
003665
003670
003674
003675
003676
003677
003679
003680
003682
003685
003686
003688
003689
003690
003692
003697
003698
003701
003705
003709
003710
003711
003712
003713
003714
003715
003717
003719
003721
003723
003725
003731
003733
003737
003740
003741
003742
003743
003744
003747
003749
003751
003752
003753
003755
003756
003764
003766
003767
003772
003774
003776
003777
003779
003780
003781
003782
003783
003784
003787
003791
003795
003797
003800
003801
003802
003805
003807
003808
003814
003815
003818
003821
003827
003828
003829
003831
003832
003838
003840
003841
003842
003847
003848
003849
003850
003852
003853
003855
003863
003864
003865
003866
003867
003868
003873
003874
003875
003876
003880
003883
003885
003886
003887
003888
003894
003896
003902
003903
003904
003905
003912
003914
003916
003920
003921
003923
003924
003927
003928
003929
003933
003935
003936
003937
003938
003940
003941
003944
003947
003948
003949
003950
003952
003955
003956
003958
003959
003963
003964
003966
003967
003968
003970
003971
003974
003976
003977
003978
003979
003984
003985
003988
003994
003997
004000
004001
004003
004004
004005
004006
004008
004010
004016
004020
004022
004024
004025
004026
004027
004029
004030
004032
004033
004040
004041
004042
004046
004047
004049
004051
004052
004053
004054
004055
004056
004057
004060
004065
004066
004067
004068
004070
004071
004072
004075
004076
004079
004080
004084
004085
004087
004088
004092
004093
004096
004099
004100
004101
004102
004106
004107
004109
004111
004112
004117
004118
004119
004120
004121
004124
004127
004129
004133
004138
004139
004140
004141
004142
004144
004148
004149
004150
004151
004153
004154
004158
004159
004162
004167
004168
004169
004170
004171
004172
004174
004175
004181
004182
004185
004186
004188
004193
004194
004195
004196
004199
004200
004203
004204
004206
004208
004210
004211
004212
004213
004215
004216
004218
004219
004220
004225
004227
004228
004231
004234
004236
004237
004239
004240
004241
004242
004245
004246
004247
004249
004250
004254
004261
004262
004263
004265
004266
004269
004272
004273
004276
004279
004280
004284
004288
004289
004291
004293
004295
004296
004297
004302
004304
004305
004306
004309
004313
004314
004315
004318
004320
004323
004324
004326
004327
004329
004331
004340
004343
004344
004345
004348
004349
004351
004353
004354
004360
004362
004363
004364
004365
004366
004367
004368
004369
004370
004371
004375
004376
004379
004381
004383
004385
004386
004387
004390
004391
004394
004395
004397
004398
004403
004404
004406
004407
004408
004411
004414
004415
004416
004419
004422
004424
004427
004428
004433
004435
004436
004437
004438
004439
004440
004443
004445
004448
004449
004451
004452
004457
004459
004460
004461
004462
004463
004464
004469
004470
004483
004485
004487
004492
004493
004494
004498
004500
004501
004503
004507
004508
004510
004511
004514
004515
004516
004517
004521
004522
004526
004528
004529
004530
004531
004535
004536
004541
004542
004543
004544
004546
004548
004554
004556
004559
004560
004561
004563
004564
004565
004567
004568
004575
004577
004579
004581
004584
004588
004591
004593
004595
004599
004600
004602
004603
004606
004607
004608
004609
004610
004611
004613
004614
004615
004616
004619
004625
004626
004628
004629
004631
004633
004638
004639
004640
004643
004645
004647
004648
004652
004656
004659
004660
004661
004663
004665
004667
004668
004669
004672
004673
004675
004676
004678
004679
004680
004681
004682
004686
004689
004690
004691
004692
004695
004699
004700
004701
004708
004710
004711
004713
004714
004715
004716
004721
004722
004723
004724
004726
004727
004728
004730
004733
004734
004735
004736
004737
004739
004744
004746
004748
004756
004757
004759
004760
004761
004764
004765
004767
004769
004770
004773
004774
004776
004778
004779
004780
004782
004783
004784
004785
004787
004788
004793
004794
004795
004798
004800
004803
004804
004806
004807
004809
004810
004811
004812
004813
004817
004818
004820
004825
004829
004830
004833
004836
004841
004844
004847
004848
004850
004851
004853
004854
004858
004863
004865
004867
004868
004872
004874
004875
004877
004878
004880
004885
004888
004891
004892
004894
004895
004896
004898
004900
004905
004906
004909
004910
004913
004916
004917
004918
004919
004922
004923
004924
004925
004929
004940
004941
004942
004944
004946
004956
004958
004959
004960
004962
004964
004965
004966
004967
004968
004974
004975
004977
004981
004982
004984
004985
004986
004988
004992
004994
004995
004996
004998
004999
005000
005001
005002
005004
005005
005007
005008
005009
005010
005011
005012
005015
005016
005017
005018
005019
005023
005025
005026
005027
005028
005031
005032
005033
005036
005038
005039
005040
005041
005045
005046
005047
005049
005050
005051
005056
005058
005062
005065
005068
005070
005071
005072
005073
005074
005075
005076
005077
005078
005079
005082
005086
005087
005088
005089
005092
005093
005094
005096
005097
005098
005100
005103
005104
005105
005106
005107
005108
005109
005111
005112
005117
005119
005120
005121
005122
005123
005127
005128
005133
005135
005139
005141
005142
005143
005144
005145
005147
005148
005152
005155
005158
005163
005167
005170
005171
005173
005174
005175
005177
005178
005183
005185
005187
005189
005190
005191
005194
005195
005197
005198
005199
005204
005209
005210
005214
005215
005217
005220
005221
005222
005223
005227
005228
005231
005232
005234
005235
005236
005238
005245
005246
005249
005251
005252
005253
005258
005260
005266
005267
005268
005269
005270
005271
005272
005273
005274
005275
005276
005277
005278
005279
005287
005289
005294
005298
005304
005306
005309
005313
005314
005315
005318
005324
005326
005327
005328
005329
005331
005332
005333
005334
005337
005339
005342
005344
005345
005347
005349
005351
005352
005356
005358
005359
005361
005364
005366
005367
005369
005373
005379
005386
005387
005388
005389
005390
005392
005395
005397
005398
005399
005400
005401
005403
005404
005405
005406
005408
005410
005412
005415
005416
005417
005418
005419
005423
005424
005425
005426
005428
005429
005430
005432
005435
005440
005442
005443
005448
005452
005453
005454
005455
005459
005460
005463
005465
005467
005468
005470
005474
005479
005482
005484
005486
005487
005490
005494
005497
005500
005506
005508
005509
005510
005514
005517
005518
005521
005522
005523
005524
005527
005528
005529
005530
005533
005534
005538
005539
005540
005541
005542
005545
005547
005548
005550
005555
005560
005562
005563
005564
005567
005569
005570
005572
005573
005581
005583
005584
005585
005586
005587
005588
005592
005594
005595
005597
005600
005602
005604
005605
005606
005610
005611
005612
005616
005617
005618
005619
005620
005621
005623
005624
005625
005626
005629
005630
005632
005634
005635
005638
005640
005641
005643
005645
005646
005649
005650
005651
005652
005654
005656
005658
005662
005665
005667
005673
005676
005678
005679
005681
005682
005684
005686
005690
005692
005694
005695
005696
005698
005699
005700
005702
005703
005704
005705
005712
005713
005715
005718
005720
005727
005728
005729
005730
005733
005734
005735
005738
005739
005742
005743
005744
005745
005747
005748
005750
005752
005755
005756
005758
005759
005760
005762
005764
005765
005768
005769
005770
005772
005773
005775
005776
005777
005778
005779
005780
005784
005793
005796
005798
005799
005800
005803
005808
005810
005814
005815
005816
005818
005821
005822
005823
005824
005826
005829
005831
005833
005834
005838
005839
005840
005844
005849
005851
005853
005854
005856
005857
005858
005860
005861
005863
005864
005865
005870
005876
005878
005879
005882
005885
005887
005888
005889
005890
005891
005894
005895
005897
005900
005901
005902
005908
005910
005911
005914
005915
005916
005920
005921
005922
005923
005925
005932
005933
005935
005936
005937
005941
005942
005945
005947
005948
005950
005953
005957
005958
005961
005962
005963
005966
005969
005970
005971
005972
005975
005977
005981
005982
005984
005986
005990
005992
005994
005996
005998
005999
006000
006001
006002
006005
006009
006013
006014
006016
006018
006023
006024
006027
006033
006034
006039
006043
006045
006048
006049
006051
006055
006058
006059
006062
006064
006067
006068
006069
006070
006071
006072
006073
006074
006075
006077
006078
006082
006086
006094
006095
006097
006098
006103
006104
006105
006106
006107
006108
006110
006111
006112
006113
006115
006116
006117
006119
006120
006121
006122
006123
006125
006126
006127
006128
006130
006131
006134
006136
006138
006139
006140
006142
006145
006148
006149
006150
006154
006158
006159
006161
006163
006164
006168
006170
006176
006178
006179
006182
006184
006185
006187
006188
006190
006192
006193
006194
006196
006197
006198
006200
006201
006202
006204
006207
006208
006209
006210
006214
006216
006217
006219
006220
006221
006222
006223
006224
006225
006226
006227
006229
006230
006231
006232
006233
006237
006239
006240
006241
006242
006247
006248
006249
006254
006255
006257
006258
006262
006264
006265
006266
006269
006271
006273
006281
006282
006283
006285
006288
006293
006295
006296
006297
006299
006300
006301
006304
006305
006306
006307
006308
006310
006311
006315
006316
006317
006318
006322
006324
006326
006328
006329
006330
006331
006336
006338
006339
006341
006342
006346
006347
006349
006352
006355
006356
006357
006359
006360
006363
006365
006367
006369
006372
006374
006376
006378
006383
006391
006392
006393
006397
006399
006400
006401
006402
006403
006410
006412
006413
006417
006418
006419
006420
006421
006422
006425
006426
006427
006429
006431
006433
006435
006437
006438
006440
006443
006449
006451
006453
006455
006457
006461
006464
006465
006466
006468
006471
006472
006474
006476
006479
006481
006484
006485
006486
006487
006490
006491
006498
006501
006502
006506
006508
006509
006510
006513
006517
006523
006525
006526
006529
006530
006533
006534
006535
006538
006541
006542
006544
006545
006546
006548
006550
006551
006552
006553
006554
006555
006556
006557
006558
006559
006565
006566
006567
006569
006572
006573
006576
006578
006579
006585
006586
006590
006591
006592
006593
006595
006596
006597
006598
006608
006610
006612
006613
006618
006623
006624
006625
006626
006627
006630
006632
006633
006634
006635
006636
006637
006638
006639
006640
006642
006646
006647
006650
006651
006653
006656
006657
006662
006667
006669
006671
006672
006674
006676
006678
006680
006682
006686
006693
006694
006695
006696
006697
006698
006700
006702
006704
006709
006710
006714
006715
006717
006722
006727
006728
006729
006731
006732
006735
006736
006737
006738
006740
006741
006742
006746
006749
006750
006756
006757
006758
006759
006760
006761
006762
006763
006764
006768
006769
006770
006771
006772
006773
006774
006775
006776
006778
006779
006780
006781
006783
006784
006785
006786
006787
006788
006790
006791
006793
006794
006796
006800
006804
006809
006813
006814
006816
006817
006822
006824
006826
006830
006833
006834
006836
006837
006838
006839
006840
006841
006843
006844
006847
006849
006853
006857
006859
006861
006864
006867
006869
006871
006873
006874
006875
006876
006877
006879
006880
006883
006884
006889
006890
006891
006892
006893
006896
006899
006904
006905
006907
006908
006910
006911
006912
006914
006915
006917
006918
006920
006921
006923
006926
006928
006937
006938
006942
006946
006948
006951
006954
006955
006956
006957
006958
006960
006963
006965
006967
006968
006969
006971
006974
006975
006977
006979
006980
006981
006985
006987
006988
006990
006994
006995
006996
007001
007002
007003
007005
007006
007007
007011
007015
007019
007020
007021
007022
007023
007024
007025
007027
007028
007029
007035
007039
007042
007044
007047
007049
007050
007052
007053
007057
007060
007061
007062
007063
007067
007070
007071
007072
007076
007077
007078
007079
007080
007081
007083
007085
007086
007087
007090
007091
007093
007095
007097
007100
007101
007105
007107
007109
007110
007112
007115
007124
007125
007130
007131
007132
007134
007139
007140
007143
007145
007146
007148
007150
007153
007155
007160
007161
007163
007164
007165
007166
007167
007172
007174
007177
007179
007181
007183
007184
007186
007189
007191
007192
007200
007202
007206
007208
007209
007210
007213
007214
007216
007218
007220
007223
007225
007226
007227
007228
007231
007233
007234
007237
007238
007240
007241
007245
007252
007255
007256
007257
007260
007261
007264
007267
007271
007272
007273
007275
007279
007280
007281
007284
007285
007289
007292
007293
007295
007296
007299
007304
007305
007306
007307
007308
007309
007310
007312
007314
007315
007316
007317
007319
007320
007321
007324
007326
007330
007336
007339
007343
007344
007345
007346
007347
007352
007355
007356
007357
007358
007359
007360
007362
007363
007364
007367
007372
007373
007374
007375
007376
007377
007378
007379
007381
007384
007387
007390
007391
007395
007396
007398
007399
007401
007407
007409
007410
007412
007413
007414
007416
007417
007419
007420
007421
007422
007423
007424
007425
007426
007427
007428
007430
007431
007432
007434
007438
007439
007440
007441
007444
007448
007452
007454
007458
007463
007465
007466
007468
007470
007471
007475
007478
007481
007483
007485
007489
007492
007497
007499
007500
007503
007506
007509
007514
007515
007519
007521
007522
007525
007526
007528
007532
007535
007536
007537
007538
007540
007541
007542
007543
007545
007549
007551
007557
007558
007559
007561
007564
007568
007570
007575
007578
007583
007584
007585
007586
007588
007590
007592
007595
007596
007598
007601
007603
007604
007605
007606
007608
007609
007611
007614
007617
007620
007622
007626
007628
007629
007631
007632
007633
007635
007637
007640
007641
007642
007644
007645
007647
007648
007649
007650
007651
007653
007655
007657
007661
007662
007663
007665
007668
007670
007671
007672
007673
007674
007679
007682
007684
007686
007687
007689
007691
007692
007694
007695
007697
007699
007701
007702
007704
007706
007707
007709
007710
007714
007720
007727
007729
007730
007731
007732
007734
007735
007736
007737
007740
007741
007742
007743
007749
007754
007759
007760
007763
007766
007767
007769
007771
007774
007775
007776
007778
007779
007780
007782
007783
007784
007785
007787
007793
007794
007795
007796
007797
007798
007800
007802
007804
007806
007807
007808
007809
007811
007813
007814
007817
007821
007822
007826
007827
007829
007832
007834
007835
007836
007837
007839
007841
007842
007843
007844
007845
007846
007847
007857
007858
007859
007863
007864
007866
007867
007868
007871
007872
007874
007875
007876
007877
007879
007880
007886
007887
007888
007889
007890
007895
007896
007902
007903
007904
007909
007911
007914
007915
007922
007923
007924
007925
007930
007936
007938
007940
007941
007947
007949
007950
007954
007956
007958
007960
007961
007967
007968
007969
007970
007971
007973
007975
007976
007977
007981
007983
007985
007986
007987
007989
007990
007991
007993
007994
007999
008007
008008
008010
008012
008013
008031
008033
008034
008035
008038
008045
008051
008053
008055
008056
008057
008058
008059
008062
008063
008065
008066
008067
008068
008070
008072
008074
008076
008077
008079
008081
008082
008083
008088
008092
008095
008096
008097
008098
008099
008102
008104
008106
008109
008110
008113
008115
008119
008120
008122
008123
008124
008125
008128
008129
008130
008133
008134
008135
008139
008141
008142
008143
008144
008149
008150
008156
008158
008159
008162
008163
008164
008165
008168
008169
008170
008172
008174
008175
008180
008181
008182
008184
008185
008186
008191
008192
008193
008196
008201
008202
008203
008204
008206
008207
008209
008212
008213
008216
008217
008220
008221
008222
008229
008230
008231
008232
008238
008240
008243
008244
008247
008248
008249
008252
008254
008255
008256
008257
008258
008262
008265
008266
008267
008269
008272
008273
008274
008280
008282
008284
008286
008287
008288
008292
008295
008296
008297
008300
008301
008303
008304
008306
008309
008313
008315
008316
008320
008321
008322
008323
008324
008325
008327
008329
008332
008334
008335
008336
008338
008339
008340
008341
008343
008345
008350
008352
008353
008355
008356
008358
008359
008361
008362
008364
008365
008366
008368
008369
008370
008374
008375
008379
008381
008382
008384
008385
008389
008391
008392
008393
008395
008396
008397
008399
008404
008405
008407
008408
008409
008410
008411
008412
008413
008415
008416
008419
008424
008425
008427
008429
008432
008434
008435
008436
008437
008439
008441
008442
008445
008446
008447
008449
008450
008451
008453
008454
008455
008457
008458
008459
008460
008462
008463
008465
008467
008470
008471
008473
008475
008480
008484
008489
008490
008491
008492
008494
008495
008497
008501
008505
008507
008513
008520
008521
008525
008530
008534
008535
008537
008538
008543
008546
008548
008550
008551
008553
008554
008556
008558
008559
008560
008561
008567
008569
008571
008573
008574
008575
008579
008582
008583
008590
008593
008594
008595
008596
008597
008601
008602
008603
008605
008609
008610
008612
008613
008615
008616
008619
008620
008621
008625
008626
008627
008628
008630
008632
008633
008634
008635
008637
008640
008644
008647
008650
008652
008653
008656
008657
008660
008662
008668
008672
008673
008675
008676
008678
008680
008681
008682
008686
008689
008690
008695
008696
008697
008700
008701
008703
008704
008705
008706
008711
008713
008715
008716
008717
008718
008719
008721
008722
008723
008725
008727
008728
008729
008731
008734
008735
008737
008738
008740
008742
008744
008746
008748
008750
008751
008753
008754
008755
008756
008760
008763
008764
008765
008766
008768
008773
008775
008776
008781
008782
008795
008797
008798
008800
008802
008806
008807
008813
008815
008818
008819
008822
008824
008828
008829
008833
008836
008838
008839
008840
008841
008843
008844
008845
008846
008849
008851
008852
008853
008855
008858
008863
008869
008871
008873
008874
008878
008881
008889
008890
008895
008897
008899
008903
008905
008906
008908
008909
008911
008912
008913
008915
008916
008919
008921
008923
008926
008927
008931
008933
008934
008935
008940
008944
008948
008951
008952
008955
008958
008966
008968
008972
008973
008974
008975
008976
008982
008983
008986
008989
008990
008992
008994
008995
008998
009000
009002
009004
009006
009007
009010
009011
009012
009014
009015
009023
009027
009028
009030
009031
009034
009036
009047
009048
009050
009053
009055
009056
009058
009060
009064
009065
009070
009072
009075
009076
009077
009081
009086
009087
009090
009092
009096
009097
009098
009100
009101
009104
009105
009108
009109
009114
009115
009117
009118
009121
009122
009125
009128
009129
009131
009134
009135
009139
009140
009141
009145
009147
009151
009152
009154
009155
009157
009160
009161
009162
009164
009168
009170
009172
009173
009174
009175
009176
009177
009178
009180
009181
009184
009190
009195
009198
009201
009202
009203
009209
009211
009212
009214
009215
009216
009220
009232
009233
009236
009237
009239
009240
009243
009245
009249
009250
009251
009253
009256
009257
009258
009260
009261
009262
009265
009267
009268
009270
009272
009276
009278
009279
009282
009284
009286
009290
009291
009293
009294
009295
009296
009305
009306
009318
009320
009321
009322
009325
009326
009328
009329
009332
009333
009335
009337
009338
009339
009341
009342
009346
009347
009348
009352
009353
009354
009358
009363
009364
009367
009368
009369
009370
009371
009376
009378
009380
009381
009382
009384
009385
009387
009391
009396
009397
009399
009400
009402
009403
009404
009405
009408
009409
009410
009412
009413
009416
009422
009425
009426
009428
009429
009430
009432
009433
009434
009439
009440
009446
009451
009455
009456
009457
009458
009461
009462
009463
009466
009467
009468
009471
009475
009476
009477
009482
009483
009486
009487
009488
009494
009495
009497
009499
009500
009503
009508
009513
009522
009523
009528
009529
009530
009532
009533
009534
009539
009540
009544
009545
009550
009551
009552
009553
009554
009555
009557
009558
009559
009560
009561
009562
009563
009564
009568
009569
009570
009572
009574
009577
009579
009580
009584
009586
009588
009593
009595
009598
009599
009600
009601
009603
009604
009605
009606
009609
009611
009612
009614
009615
009616
009619
009627
009628
009629
009630
009631
009634
009635
009636
009637
009639
009641
009644
009645
009648
009649
009652
009657
009659
009660
009661
009663
009665
009667
009670
009672
009673
009674
009676
009678
009681
009682
009683
009684
009685
009686
009688
009693
009694
009695
009699
009700
009701
009703
009704
009705
009706
009708
009712
009715
009716
009719
009723
009724
009725
009729
009731
009732
009733
009736
009738
009739
009741
009743
009745
009749
009750
009751
009752
009753
009756
009762
009763
009765
009770
009771
009773
009784
009787
009789
009793
009794
009795
009797
009798
009799
009800
009805
009806
009807
009808
009814
009815
009816
009820
009823
009825
009831
009832
009833
009834
009838
009840
009841
009842
009844
009845
009846
009847
009849
009850
009856
009858
009859
009868
009869
009873
009877
009884
009885
009886
009888
009889
009890
009894
009895
009898
009901
009910
009912
009913
009917
009918
009920
009921
009925
009926
009928
009929
009930
009931
009933
009934
009935
009940
009942
009945
009949
009951
009954
009955
009956
009957
009960
009964
009965
009967
009968
009972
009973
009974
009976
009977
009980
009981
009983
009985
009987
009991
009992
009994
009998
010002
010003
010004
010006
010007
010008
010011
010015
010017
010019
010022
010028
010031
010032
010035
010036
010037
010039
010041
010044
010045
010046
010049
010052
010053
010054
010058
010060
010061
010064
010067
010069
010070
010071
010072
010075
010077
010081
010083
010086
010088
010089
010092
010096
010098
010100
010101
010104
010105
010107
010108
010110
010114
010117
010118
010119
010122
010123
010125
010126
010127
010128
010131
010132
010133
010134
010135
010138
010140
010141
010144
010145
010146
010150
010156
010158
010160
010161
010163
010165
010168
010169
010170
010171
010177
010178
010187
010189
010190
010193
010194
010195
010198
010199
010203
010204
010206
010210
010213
010214
010218
010219
010220
010221
010222
010229
010230
010231
010234
010236
010238
010240
010241
010242
010244
010245
010246
010247
010248
010249
010251
010253
010255
010256
010257
010263
010265
010267
010268
010272
010273
010274
010279
010283
010286
010287
010289
010290
010291
010292
010295
010298
010299
010300
010301
010306
010307
010308
010309
010310
010312
010313
010314
010316
010318
010321
010322
010324
010325
010328
010329
010330
010331
010333
010335
010336
010337
010339
010340
010347
010348
010351
010362
010364
010365
010367
010370
010376
010379
010380
010382
010387
010389
010390
010391
010393
010396
010397
010398
010399
010402
010403
010406
010409
010410
010411
010412
010414
010418
010421
010423
010425
010427
010429
010431
010435
010438
010439
010441
010444
010446
010448
010449
010452
010454
010463
010464
010467
010468
010469
010470
010472
010476
010480
010483
010486
010488
010490
010491
010492
010493
010495
010496
010498
010500
010503
010504
010505
010506
010507
010508
010509
010512
010514
010515
010516
010517
010518
010519
010522
010523
010524
010528
010530
010531
010533
010534
010535
010537
010539
010540
010541
010547
010551
010552
010553
010554
010556
010557
010558
010559
010560
010563
010566
010569
010572
010573
010576
010578
010579
010580
010581
010584
010587
010590
010592
010594
010595
010596
010600
010603
010604
010605
010607
010610
010612
010615
010616
010617
010619
010620
010621
010623
010630
010634
010635
010636
010637
010638
010639
010641
010643
010645
010646
010647
010649
010650
010653
010656
010657
010658
010659
010660
010661
010662
010663
010670
010673
010678
010679
010683
010685
010686
010687
010694
010695
010696
010697
010698
010700
010701
010704
010713
010714
010715
010716
010717
010719
010720
010722
010723
010726
010730
010734
010735
010736
010738
010739
010740
010741
010743
010746
010747
010748
010749
010750
010751
010752
010753
010759
010760
010761
010762
010766
010767
010773
010774
010775
010776
010777
010779
010780
010781
010782
010786
010790
010795
010797
010799
010800
010801
010803
010804
010805
010812
010813
010814
010822
010824
010826
010827
010828
010829
010830
010831
010833
010835
010837
010839
010841
010842
010844
010847
010849
010853
010854
010855
010856
010859
010863
010866
010873
010878
010881
010882
010883
010884
010885
010886
010887
010889
010896
010898
010899
010904
010905
010911
010915
010916
010917
010918
010919
010920
010922
010923
010926
010927
010929
010930
010936
010939
010940
010942
010944
010945
010947
010948
010953
010956
010959
010962
010963
010967
010968
010970
010973
010975
010977
010978
010979
010980
010981
010984
010986
010988
010990
010991
010993
010995
010996
010997
011001
011004
011008
011010
011011
011012
011017
011019
011020
011021
011022
011025
011027
011028
011029
011030
011034
011035
011037
011039
011040
011042
011043
011044
011045
011046
011047
011048
011051
011052
011053
011054
011055
011056
011059
011060
011063
011065
011066
011067
011069
011070
011071
011073
011075
011077
011078
011079
011080
011081
011082
011083
011084
011085
011088
011089
011090
011092
011093
011097
011100
011101
011102
011106
011107
011109
011110
011111
011112
011114
011118
011120
011121
011122
011124
011127
011128
011135
011138
011139
011141
011145
011146
011153
011154
011155
011156
011160
011161
011169
011170
011174
011176
011178
011180
011183
011184
011188
011190
011191
011193
011195
011197
011198
011202
011205
011206
011208
011210
011213
011214
011218
011219
011220
011221
011222
011224
011227
011238
011240
011241
011243
011245
011246
011247
011248
011249
011250
011252
011254
011256
011258
011259
011260
011261
011274
011276
011280
011283
011285
011286
011287
011288
011289
011290
011292
011293
011296
011298
011299
011304
011305
011306
011309
011310
011312
011313
011315
011318
011321
011325
011326
011329
011330
011332
011335
011337
011339
011340
011346
011349
011351
011355
011356
011357
011363
011364
011367
011370
011371
011373
011374
011376
011379
011381
011384
011385
011386
011387
011390
011392
011393
011395
011397
011398
011400
011401
011403
011404
011408
011410
011411
011413
011414
011415
011421
011424
011428
011430
011433
011436
011437
011438
011439
011442
011443
011444
011449
011450
011451
011453
011457
011459
011460
011464
011468
011470
011471
011476
011478
011480
011481
011484
011486
011487
011488
011491
011492
011495
011498
011502
011508
011509
011513
011514
011516
011519
011525
011526
011528
011529
011530
011532
011534
011535
011537
011541
011543
011546
011548
011550
011551
011553
011554
011556
011558
011562
011563
011564
011566
011569
011575
011576
011577
011578
011584
011588
011589
011590
011591
011593
011594
011596
011598
011601
011602
011606
011607
011608
011613
011615
011619
011624
011627
011629
011632
011633
011634
011641
011643
011644
011648
011649
011651
011654
011655
011658
011659
011664
011668
011669
011670
011671
011673
011675
011676
011678
011686
011689
011690
011691
011695
011697
011699
011700
011702
011703
011704
011707
011708
011711
011715
011716
011717
011718
011721
011722
011723
011724
011728
011729
011731
011732
011733
011734
011735
011737
011738
011742
011746
011748
011750
011754
011761
011762
011763
011764
011766
011767
011770
011780
011782
011786
011787
011788
011789
011790
011791
011793
011796
011797
011798
011799
011801
011803
011804
011806
011811
011813
011817
011818
011823
011826
011827
011829
011830
011832
011833
011836
011837
011844
011845
011847
011848
011852
011853
011856
011857
011859
011862
011863
011865
011866
011869
011870
011872
011873
011874
011875
011880
011881
011883
011884
011887
011888
011892
011899
011902
011905
011907
011908
011910
011911
011913
011915
011918
011923
011925
011930
011932
011933
011935
011937
011938
011939
011942
011944
011948
011951
011954
011955
011957
011960
011961
011965
011968
011969
011973
011975
011977
011978
011979
011980
011981
011985
011987
011988
011989
011995
012002
012003
012004
012005
012008
012010
012011
012018
012021
012022
012023
012024
012026
012029
012030
012032
012033
012035
012036
012037
012042
012043
012044
012045
012047
012048
012049
012052
012053
012055
012056
012058
012060
012061
012062
012063
012066
012070
012071
012072
012073
012077
012078
012081
012085
012086
012089
012090
012092
012095
012096
012097
012102
012105
012106
012107
012108
012109
012115
012117
012119
012120
012127
012128
012129
012130
012131
012132
012133
012134
012136
012137
012139
012141
012142
012143
012144
012145
012148
012151
012154
012155
012157
012158
012159
012161
012163
012165
012167
012168
012173
012174
012180
012181
012183
012184
012187
012189
012190
012191
012192
012195
012200
012202
012205
012206
012207
012208
012211
012217
012219
012220
012225
012226
012233
012236
012237
012240
012241
012242
012243
012245
012248
012250
012254
012257
012259
012261
012262
012265
012270
012271
012274
012280
012281
012283
012286
012289
012291
012294
012295
012297
012300
012303
012304
012306
012307
012309
012310
012311
012312
012315
012318
012321
012322
012324
012328
012330
012331
012332
012336
012338
012339
012340
012342
012343
012345
012347
012348
012352
012353
012354
012357
012359
012360
012361
012363
012364
012365
012366
012367
012368
012369
012371
012372
012373
012375
012377
012378
012379
012383
012385
012386
012389
012393
012397
012398
012399
012402
012405
012406
012407
012408
012409
012413
012414
012415
012417
012418
012419
012424
012430
012431
012432
012435
012436
012437
012439
012442
012443
012444
012445
012447
012449
012452
012453
012459
012462
012463
012464
012465
012466
012468
012469
012470
012473
012474
012475
012477
012478
012480
012481
012487
012489
012493
012495
012497
012499
012502
012503
012504
012506
012507
012510
012513
012514
012515
012516
012517
012519
012524
012526
012528
012531
012532
012533
012536
012540
012548
012549
012554
012559
012560
012561
012562
012564
012567
012568
012569
012574
012575
012580
012582
012583
012585
012586
012587
012590
012591
012592
012595
012598
012605
012606
012607
012608
012609
012611
012612
012614
012615
012622
012624
012625
012626
012631
012632
012634
012635
012636
012640
012643
012645
012649
012650
012656
012659
012661
012662
012663
012665
012666
012667
012674
012675
012676
012680
012681
012684
012685
012686
012687
012688
012690
012691
012692
012695
012696
012697
012701
012702
012703
012705
012706
012707
012709
012710
012711
012712
012713
012715
012718
012719
012720
012721
012722
012723
012724
012726
012727
012729
012730
012731
012732
012735
012736
012737
012739
012743
012744
012746
012747
012751
012752
012754
012755
012756
012761
012762
012767
012768
012771
012772
012773
012774
012775
012777
012779
012780
012783
012786
012791
012792
012793
012795
012798
012799
012800
012801
012805
012806
012807
012810
012811
012813
012814
012815
012819
012823
012828
012829
012833
012834
012835
012836
012838
012843
012850
012852
012854
012855
012857
012858
012861
012862
012864
012865
012866
012869
012870
012878
012879
012880
012885
012886
012887
012888
012889
012890
012896
012900
012903
012904
012906
012912
012913
012915
012917
012918
012920
012922
012923
012925
012926
012929
012931
012934
012936
012937
012939
012940
012942
012943
012944
012946
012947
012948
012950
012951
012953
012954
012956
012957
012959
012961
012962
012964
012968
012971
012972
012974
012976
012983
012984
012987
012988
012990
012991
012992
012999
013001
013002
013003
013006
013007
013015
013017
013018
013019
013022
013025
013027
013028
013029
013030
013031
013032
013033
013036
013038
013040
013041
013042
013044
013045
013046
013048
013049
013050
013052
013053
013054
013055
013058
013059
013061
013066
013067
013069
013070
013072
013074
013083
013084
013086
013087
013089
013090
013091
013092
013093
013096
013097
013098
013099
013103
013104
013106
013108
013109
013110
013113
013118
013119
013123
013124
013128
013129
013130
013131
013132
013133
013135
013136
013138
013143
013144
013145
013147
013151
013152
013154
013157
013158
013159
013161
013163
013165
013168
013172
013173
013175
013177
013178
013182
013184
013187
013189
013192
013195
013196
013197
013199
013200
013202
013204
013205
013206
013207
013210
013214
013217
013218
013220
013221
013223
013226
013228
013232
013233
013237
013238
013240
013241
013243
013246
013250
013251
013257
013262
013263
013264
013270
013271
013273
013274
013277
013279
013280
013281
013284
013286
013289
013293
013294
013297
013299
013300
013303
013304
013305
013307
013311
013312
013317
013318
013319
013322
013323
013325
013329
013332
013334
013336
013337
013339
013340
013341
013342
013343
013346
013347
013348
013352
013356
013363
013364
013365
013366
013369
013372
013373
013374
013375
013376
013378
013380
013383
013386
013389
013391
013392
013394
013395
013396
013397
013398
013399
013400
013401
013402
013404
013405
013406
013407
013409
013411
013412
013416
013417
013421
013426
013427
013428
013431
013433
013435
013437
013438
013441
013442
013445
013446
013447
013449
013451
013452
013453
013455
013459
013463
013466
013467
013469
013473
013476
013478
013482
013485
013486
013487
013492
013494
013496
013499
013500
013505
013508
013513
013515
013517
013519
013520
013521
013522
013524
013526
013529
013533
013534
013539
013543
013546
013549
013551
013552
013556
013558
013559
013562
013563
013574
013576
013578
013579
013582
013585
013586
013587
013589
013591
013595
013596
013598
013603
013605
013607
013608
013609
013610
013612
013613
013614
013615
013618
013619
013620
013623
013624
013625
013626
013628
013630
013631
013633
013634
013636
013637
013639
013642
013646
013647
013648
013649
013650
013651
013653
013654
013656
013657
013659
013661
013662
013665
013666
013667
013668
013672
013676
013677
013681
013683
013684
013685
013688
013690
013691
013694
013695
013696
013705
013706
013707
013708
013709
013711
013713
013715
013717
013718
013721
013723
013724
013725
013726
013727
013730
013731
013732
013733
013735
013736
013738
013740
013741
013742
013743
013745
013748
013749
013752
013753
013754
013756
013764
013766
013769
013770
013773
013774
013776
013778
013780
013782
013783
013784
013788
013789
013792
013794
013798
013800
013803
013804
013805
013814
013817
013819
013823
013824
013826
013832
013834
013835
013840
013846
013849
013850
013856
013857
013862
013863
013865
013866
013868
013872
013874
013876
013878
013881
013882
013883
013886
013887
013891
013893
013895
013897
013898
013901
013903
013904
013908
013910
013912
013913
013914
013917
013920
013921
013924
013928
013929
013934
013935
013936
013938
013939
013940
013941
013942
013949
013950
013951
013953
013955
013956
013957
013960
013961
013962
013963
013964
013969
013970
013971
013978
013981
013983
013985
013986
013987
013995
013996
013998
014000
014005
014008
014011
014012
014013
014014
014015
014016
014018
014019
014020
014021
014022
014023
014024
014025
014027
014032
014033
014035
014036
014037
014039
014048
014051
014054
014055
014058
014061
014064
014065
014069
014070
014073
014075
014076
014077
014078
014079
014080
014084
014088
014092
014094
014097
014099
014100
014102
014103
014104
014106
014107
014108
014111
014112
014114
014117
014120
014123
014127
014128
014130
014131
014132
014133
014134
014137
014140
014142
014149
014151
014152
014154
014156
014159
014167
014169
014170
014176
014181
014184
014185
014189
014192
014194
014196
014199
014202
014205
014206
014207
014208
014209
014210
014211
014215
014217
014219
014220
014222
014224
014226
014227
014228
014230
014231
014233
014234
014235
014237
014238
014243
014245
014246
014247
014248
014252
014255
014257
014258
014262
014265
014273
014274
014275
014276
014278
014279
014280
014281
014282
014285
014286
014290
014295
014300
014301
014303
014304
014305
014306
014310
014312
014314
014316
014319
014320
014321
014322
014323
014324
014327
014331
014332
014333
014336
014338
014340
014341
014342
014343
014345
014346
014350
014351
014353
014354
014357
014360
014361
014365
014367
014374
014377
014378
014379
014381
014383
014391
014393
014394
014396
014400
014403
014406
014409
014410
014413
014414
014415
014417
014419
014420
014423
014424
014427
014428
014430
014440
014442
014444
014445
014448
014450
014454
014455
014459
014471
014472
014479
014483
014484
014485
014487
014488
014491
014493
014495
014496
014500
014501
014503
014504
014505
014506
014507
014509
014510
014511
014512
014513
014514
014516
014518
014520
014522
014527
014529
014530
014531
014533
014535
014537
014538
014541
014542
014543
014547
014549
014554
014555
014558
014560
014561
014564
014566
014569
014571
014575
014577
014579
014580
014582
014583
014585
014586
014587
014588
014589
014591
014595
014597
014598
014599
014600
014602
014604
014606
014607
014608
014609
014610
014614
014615
014616
014617
014618
014623
014627
014628
014630
014633
014634
014639
014642
014643
014644
014646
014647
014649
014650
014651
014653
014654
014656
014658
014659
014660
014663
014666
014670
014671
014674
014675
014676
014677
014681
014682
014684
014687
014689
014690
014691
014692
014695
014697
014698
014699
014702
014703
014704
014705
014707
014708
014712
014713
014714
014722
014723
014724
014731
014732
014733
014735
014736
014739
014742
014745
014746
014750
014753
014755
014758
014760
014762
014763
014765
014766
014767
014768
014769
014773
014779
014781
014782
014783
014784
014787
014788
014789
014790
014791
014792
014794
014797
014799
014800
014801
014802
014803
014805
014809
014813
014815
014817
014818
014821
014823
014824
014825
014826
014827
014828
014829
014831
014832
014834
014836
014838
014840
014842
014844
014845
014846
014848
014855
014856
014858
014859
014860
014862
014865
014866
014867
014868
014869
014870
014873
014875
014878
014879
014887
014891
014893
014894
014895
014896
014899
014903
014904
014905
014906
014909
014912
014913
014914
014916
014918
014920
014921
014922
014923
014927
014930
014931
014933
014934
014935
014936
014938
014939
014940
014942
014946
014948
014950
014951
014952
014963
014964
014965
014966
014967
014970
014971
014973
014976
014977
014980
014981
014984
014986
014987
014988
014990
014994
014995
014997
014998
014999
015002
015004
015005
015007
015009
015012
015014
015020
015022
015026
015028
015029
015030
015031
015032
015033
015036
015039
015040
015041
015042
015043
015044
015045
015046
015049
015050
015054
015055
015056
015057
015058
015059
015063
015065
015067
015068
015073
015074
015080
015081
015083
015085
015086
015087
015090
015093
015094
015100
015102
015103
015104
015107
015108
015112
015113
015115
015117
015118
015119
015120
015123
015124
015126
015128
015129
015132
015133
015134
015136
015139
015143
015146
015147
015148
015149
015150
015154
015156
015159
015163
015168
015169
015171
015174
015177
015178
015179
015181
015183
015184
015186
015190
015192
015201
015203
015204
015206
015210
015212
015216
015217
015222
015223
015224
015225
015226
015227
015228
015230
015232
015235
015236
015239
015240
015241
015242
015245
015246
015247
015249
015250
015251
015252
015254
015256
015257
015258
015260
015261
015263
015264
015266
015267
015268
015271
015272
015274
015276
015277
015278
015280
015283
015284
015289
015291
015294
015296
015297
015298
015300
015301
015302
015303
015304
015308
015309
015310
015312
015313
015315
015318
015321
015322
015324
015325
015328
015330
015331
015335
015338
015344
015345
015346
015348
015349
015351
015352
015353
015354
015359
015361
015363
015364
015365
015368
015370
015371
015375
015376
015377
015380
015383
015389
015391
015392
015396
015397
015400
015403
015407
015409
015411
015413
015415
015416
015417
015418
015419
015420
015423
015424
015425
015430
015432
015434
015435
015437
015439
015440
015442
015443
015444
015445
015448
015452
015456
015458
015464
015465
015467
015468
015472
015473
015475
015476
015477
015479
015480
015482
015483
015484
015485
015486
015487
015490
015491
015494
015496
015500
015501
015502
015504
015509
015510
015515
015516
015517
015521
015523
015524
015525
015530
015531
015532
015534
015537
015539
015542
015543
015548
015549
015550
015553
015560
015561
015562
015566
015567
015570
015571
015575
015580
015582
015583
015586
015587
015588
015593
015594
015596
015599
015605
015607
015608
015611
015617
015618
015620
015621
015623
015625
015628
015629
015632
015637
015638
015639
015640
015641
015643
015645
015646
015650
015652
015654
015655
015660
015666
015671
015672
015673
015674
015675
015676
015679
015680
015681
015682
015684
015686
015689
015690
015692
015693
015696
015701
015707
015708
015711
015712
015715
015716
015719
015720
015722
015726
015731
015740
015741
015744
015747
015749
015751
015754
015755
015756
015759
015762
015764
015765
015766
015767
015769
015776
015777
015780
015784
015786
015790
015792
015793
015794
015795
015797
015798
015800
015801
015804
015805
015808
015812
015816
015819
015822
015823
015824
015826
015828
015829
015832
015835
015838
015839
015840
015841
015843
015846
015847
015849
015854
015856
015861
015862
015865
015868
015870
015872
015873
015874
015875
015877
015878
015879
015880
015881
015885
015886
015891
015892
015893
015894
015895
015901
015902
015903
015904
015906
015907
015910
015913
015914
015917
015918
015920
015922
015925
015928
015929
015932
015934
015936
015937
015938
015940
015942
015943
015949
015951
015952
015953
015955
015956
015958
015960
015961
015962
015964
015967
015968
015969
015970
015971
015973
015975
015977
015979
015980
015982
015986
015987
015993
015995
015999
016000
016002
016004
016006
016007
016009
016010
016011
016016
016017
016020
016022
016024
016030
016031
016033
016034
016038
016039
016040
016042
016045
016047
016049
016050
016051
016052
016054
016058
016059
016065
016066
016068
016069
016070
016071
016072
016073
016076
016078
016079
016081
016085
016086
016087
016092
016093
016094
016096
016098
016099
016102
016103
016106
016107
016109
016110
016111
016112
016118
016121
016122
016123
016124
016125
016126
016128
016131
016133
016135
016136
016137
016138
016142
016143
016144
016145
016147
016149
016150
016153
016160
016161
016164
016165
016166
016167
016168
016170
016172
016174
016176
016177
016178
016181
016183
016184
016187
016188
016189
016190
016191
016192
016195
016198
016199
016202
016203
016206
016207
016208
016209
016210
016212
016213
016215
016219
016222
016223
016224
016225
016227
016229
016231
016236
016242
016244
016246
016248
016251
016253
016256
016257
016258
016261
016263
016266
016267
016268
016270
016271
016273
016274
016279
016280
016282
016286
016287
016289
016290
016292
016293
016294
016296
016297
016298
016302
016303
016305
016306
016308
016310
016312
016313
016317
016319
016320
016321
016324
016325
016328
016329
016331
016332
016334
016335
016339
016340
016341
016342
016343
016346
016347
016348
016349
016356
016357
016361
016365
016367
016370
016372
016375
016388
016392
016394
016395
016396
016407
016410
016411
016415
016417
016425
016427
016441
016457
016469
016476
016480
016482
016484
016485
016488
016499
016500
016503
016505
016507
016514
016518
016519
016524
016526
016530
016532
016535
016538
016543
016548
016550
016552
016556
016559
016565
016566
016567
016570
016580
016582
016583
016591
016596
016603
016607
016608
016618
016625
016626
016634
016642
016644
016645
016648
016656
016658
016659
016660
016663
016666
016672
016675
016676
016685
016686
016690
016702
016706
016712
016723
016725
016728
016731
016732
016742
016748
016752
016754
016757
016759
016760
016762
016764
016767
016775
016776
016778
016786
016788
016789
016794
016795
016796
016802
016807
016809
016813
016816
016819
016821
016824
016838
016842
016848
016849
016850
016863
016881
016884
016886
016888
016890
016891
016892
016897
016898
016899
016904
016905
016909
016924
016925
016952
016956
016964
016966
016969
016977
016982
016987
016993
017002
017009
017013
017017
017023
017033
017042
017045
017050
017051
017057
017060
017063
017065
017067
017075
017080
017087
017093
017097
017099
017102
017107
017116
017117
017134
017137
017144
017147
017148
017150
017152
017153
017155
017156
017160
017164
017165
017181
017189
017190
017194
017195
017200
017207
017211
017220
017233
017234
017254
017261
017264
017266
017268
017279
017283
017287
017288
017291
017293
017294
017300
017305
017308
017313
017314
017315
017317
017323
017324
017325
017332
017334
017336
017345
017348
017349
017350
017351
017354
017355
017363
017365
017366
017370
017376
017379
017381
017392
017394
017405
017408
017410
017412
017413
017414
017416
017417
017422
017430
017442
017446
017449
017452
017453
017455
017456
017459
017460
017462
017464
017465
017473
017474
017476
017478
017489
017492
017493
017495
017499
017503
017509
017514
017516
017519
017525
017532
017540
017546
017551
017557
017562
017586
017594
017598
017604
017606
017608
017618
017619
017621
017630
017631
017633
017641
017642
017652
017654
017655
017662
017664
017668
017669
017674
017681
017686
017687
017691
017692
017693
017695
017705
017713
017720
017721
017729
017734
017741
017744
017745
017746
017748
017750
017751
017752
017757
017763
017774
017780
017783
017794
017795
017803
017812
017814
017815
017817
017820
017822
017838
017844
017849
017855
017864
017871
017873
017890
017895
017904
017908
017910
017913
017917
017927
017933
017942
017945
017952
017956
017958
017961
017963
017973
017976
017978
017982
017983
017986
017992
017997
017998
018004
018007
018011
018013
018014
018017
018021
018028
018029
018030
018035
018037
018044
018045
018046
018053
018054
018055
018056
018062
018064
018067
018092
018098
018099
018107
018113
018114
018115
018128
018136
018143
018147
018148
018150
018161
018163
018167
018174
018183
018191
018192
018199
018202
018215
018219
018225
018248
018264
018278
018280
018287
018289
018291
018295
018296
018299
018302
018313
018316
018324
018331
018333
018337
018340
018352
018354
018360
018364
018366
018367
018371
018377
018379
018380
018381
018388
018389
018399
018405
018411
018421
018423
018426
018428
018436
018464
018465
018466
018480
018481
018483
018486
018488
018493
018494
018501
018504
018507
018511
018512
018516
018519
018535
018537
018539
018542
018545
018548
018553
018560
018563
018567
018577
018589
018591
018593
018594
018605
018613
018616
018617
018618
018619
018624
018630
018636
018637
018642
018649
018654
018663
018665
018667
018676
018682
018684
018686
018690
018691
018692
018700
018702
018715
018723
018725
018727
018733
018734
018738
018739
018752
018753
018756
018760
018761
018762
018770
018781
018790
018792
018796
018799
018802
018803
018805
018809
018817
018820
018830
018835
018841
018847
018858
018863
018869
018874
018877
018888
018889
018894
018895
018897
018898
018899
018900
018902
018903
018905
018907
018908
018916
018922
018923
018931
018941
018950
018954
018956
018964
018965
018967
018969
018975
018976
018977
018978
018980
018985
018986
018988
018990
018995
018996
019001
019008
019014
019019
019029
019031
019033
019038
019046
019047
019056
019065
019069
019077
019085
019088
019093
019094
019095
019098
019102
019110
019111
019117
019118
019128
019132
019133
019139
019145
019149
019155
019156
019157
019161
019164
019170
019176
019182
019201
019216
019219
019222
019229
019231
019233
019241
019248
019250
019265
019269
019275
019277
019289
019292
019293
019298
019302
019305
019312
019317
019321
019323
019329
019336
019340
019352
019356
019359
019360
019371
019372
019386
019388
019391
019396
019397
019398
019399
019400
019404
019409
019416
019427
019434
019435
019442
019443
019445
019451
019455
019457
019458
019461
019464
019468
019470
019474
019485
019487
019490
019494
019505
019506
019511
019515
019517
019519
019521
019524
019525
019526
019527
019528
019530
019532
019535
019538
019545
019550
019551
019552
019553
019559
019562
019566
019579
019583
019586
019587
019588
019592
019598
019600
019602
019603
019606
019608
019611
019628
019629
019630
019632
019635
019637
019644
019647
019650
019652
019655
019657
019660
019661
019667
019669
019674
019681
019693
019696
019697
019698
019703
019712
019718
019721
019723
019725
019728
019735
019744
019745
019746
019754
019762
019769
019771
019775
019776
019777
019782
019785
019788
019792
019794
019804
019806
019823
019832
019833
019838
019841
019848
019850
019854
019858
019866
019869
019870
019876
019877
019880
019891
019896
019900
019903
019905
019909
019916
019917
019920
019921
019924
019926
019934
019940
019947
019952
019954
019955
019958
019961
019965
019972
019973
019983
019988
019996
019997
020003
020008
020011
020013
020015
020016
020022
020025
020026
020033
020034
020035
020049
020051
020053
020054
020057
020059
020062
020069
020070
020073
020080
020082
020085
020096
020097
020099
020104
020106
020108
020111
020117
020118
020120
020121
020122
020128
020131
020133
020135
020145
020147
020152
020153
020154
020173
020175
020177
020188
020190
020195
020198
020206
020236
020239
020241
020243
020245
020249
020253
020270
020272
020277
020286
020288
020300
020301
020304
020310
020311
020315
020316
020320
020321
020322
020327
020337
020345
020359
020371
020382
020390
020391
020397
020398
020400
020420
020426
020435
020441
020444
020449
020457
020463
020471
020473
020481
020485
020498
020506
020510
020511
020528
020531
020540
020541
020542
020549
020552
020554
020561
020563
020571
020573
020590
020593
020595
020596
020601
020609
020612
020618
020625
020629
020635
020640
020648
020651
020653
020659
020672
020676
020677
020678
020682
020688
020689
020703
020711
020712
020716
020724
020728
020730
020742
020744
020746
020750
020756
020758
020761
020769
020776
020777
020784
020785
020791
020808
020810
020817
020820
020826
020828
020830
020834
020838
020850
020855
020864
020865
020869
020879
020883
020887
020888
020889
020890
020891
020903
020908
020919
020922
020924
020930
020933
020940
020943
020944
020959
020964
020970
020972
020973
020976
020977
020984
020985
020995
020996
021000
021006
021014
021016
021017
021023
021024
021036
021038
021039
021045
021050
021056
021057
021058
021062
021077
021078
021084
021086
021088
021089
021116
021118
021124
021130
021132
021134
021135
021138
021142
021143
021146
021162
021166
021170
021171
021177
021180
021182
021185
021188
021203
021205
021209
021213
021218
021223
021241
021242
021247
021254
021263
021265
021267
021269
021272
021285
021287
021293
021294
021295
021296
021306
021317
021320
021322
021324
021328
021330
021333
021334
021339
021340
021344
021349
021350
021353
021354
021361
021367
021378
021386
021387
021392
021394
021398
021399
021401
021403
021405
021409
021410
021421
021422
021427
021446
021447
021448
021451
021455
021467
021468
021475
021478
021487
021488
021495
021498
021499
021501
021502
021503
021506
021509
021513
021517
021520
021526
021530
021545
021550
021551
021552
021556
021573
021575
021576
021584
021586
021588
021594
021596
021604
021606
021607
021609
021611
021614
021624
021633
021639
021642
021644
021652
021668
021678
021684
021687
021694
021696
021701
021715
021716
021717
021724
021730
021731
021737
021742
021749
021754
021756
021763
021765
021766
021767
021768
021774
021782
021783
021786
021787
021788
021791
021792
021793
021802
021817
021838
021839
021847
021851
021855
021858
021859
021863
021865
021869
021880
021883
021886
021887
021889
021890
021899
021904
021905
021906
021911
021915
021918
021922
021923
021924
021925
021932
021936
021939
021942
021947
021955
021960
021964
021965
021967
021971
021972
021974
021978
021981
021988
021989
021990
022005
022008
022011
022014
022017
022019
022023
022024
022030
022039
022055
022060
022067
022076
022078
022081
022082
022085
022086
022089
022093
022094
022095
022096
022103
022109
022111
022113
022121
022135
022144
022147
022150
022164
022175
022188
022192
022195
022198
022209
022211
022214
022218
022223
022224
022226
022240
022242
022247
022252
022254
022259
022263
022270
022271
022273
022297
022298
022299
022301
022302
022303
022305
022306
022307
022310
022315
022316
022317
022318
022325
022331
022332
022335
022338
022339
022343
022344
022345
022349
022350
022352
022364
022366
022369
022371
022376
022377
022379
022384
022387
022390
022393
022395
022397
022401
022416
022421
022422
022425
022426
022427
022428
022437
022440
022450
022451
022452
022453
022461
022474
022477
022484
022489
022494
022496
022501
022502
022509
022522
022528
022529
022541
022542
022546
022551
022560
022562
022565
022566
022583
022585
022586
022587
022590
022592
022593
022596
022606
022607
022610
022611
022612
022613
022615
022619
022621
022624
022628
022631
022647
022653
022654
022655
022667
022678
022679
022680
022694
022695
022699
022700
022701
022711
022720
022722
022723
022724
022728
022729
022747
022749
022755
022765
022774
022777
022784
022786
022792
022795
022797
022803
022806
022809
022822
022823
022831
022832
022848
022849
022851
022856
022862
022864
022872
022874
022877
022882
022883
022886
022889
022894
022902
022907
022913
022919
022921
022925
022930
022935
022942
022944
022945
022947
022952
022955
022956
022960
022961
022966
022968
022969
022973
022980
022988
022990
022994
022996
022998
022999
023008
023014
023019
023021
023024
023025
023029
023034
023038
023039
023049
023054
023056
023057
023058
023062
023069
023071
023079
023086
023087
023088
023089
023090
023098
023100
023113
023120
023129
023132
023147
023149
023152
023165
023166
023172
023176
023177
023181
023182
023184
023186
023187
023188
023199
023200
023201
023213
023218
023222
023234
023244
023246
023247
023248
023255
023256
023260
023263
023268
023285
023288
023294
023313
023314
023316
023320
023324
023339
023347
023349
023353
023359
023360
023361
023371
023372
023378
023382
023385
023393
023411
023417
023419
023424
023429
023433
023436
023446
023447
023448
023451
023460
023463
023464
023465
023468
023472
023475
023478
023479
023495
023503
023507
023514
023515
023519
023520
023526
023529
023531
023540
023544
023553
023556
023570
023579
023580
023586
023593
023595
023603
023608
023609
023614
023615
023616
023620
023621
023626
023630
023632
023634
023638
023642
023644
023646
023655
023659
023661
023663
023667
023668
023673
023676
023680
023683
023698
023702
023703
023706
023708
023714
023716
023719
023721
023725
023726
023733
023739
023740
023745
023746
023748
023749
023751
023757
023758
023759
023763
023764
023773
023785
023789
023800
023806
023808
023811
023818
023821
023834
023836
023841
023843
023845
023851
023855
023856
023861
023867
023876
023878
023884
023892
023893
023902
023904
023908
023912
023915
023923
023931
023941
023949
023951
023954
023961
023964
023967
023968
023973
023974
023981
023983
023985
023994
023995
024000
024006
024010
024011
024021
024031
024038
024042
024044
024046
024048
024053
024055
024063
024066
024074
024075
024081
024085
024088
024095
024096
024097
024098
024103
024112
024118
024119
024123
024125
024134
024137
024138
024149
024154
024155
024161
024166
024172
024173
024181
024184
024189
024196
024203
024205
024211
024212
024220
024224
024228
024230
024237
024238
024241
024242
024248
024251
024259
024262
024264
024271
024275
024284
024285
024296
024298
024300
024302
024305
024308
024312
024313
024315
024321
024325
024329
024330
024338
024350
024351
024353
024362
024364
024365
024369
024373
024376
024379
024381
024384
024388
024390
024392
024395
024396
024401
024409
024419
024423
024425
024430
024435
024438
024445
024447
024449
024450
024455
024457
024466
024468
024475
024493
024496
024497
024505
024511
024513
024518
024528
024533
024534
024538
024539
024542
024544
024551
024552
024553
024562
024567
024570
024573
024576
024579
024581
024585
024588
024597
024600
024605
024606
024609
024613
024621
024622
024624
024627
024629
024633
024643
024646
024650
024651
024652
024659
024664
024668
024669
024674
024677
024678
024679
024681
024687
024693
024694
024700
024701
024703
024720
024725
024726
024731
024733
024743
024751
024755
024757
024758
024759
024766
024767
024772
024786
024787
024791
024793
024799
024801
024807
024814
024820
024832
024833
024840
024843
024845
024847
024853
024856
024873
024878
024880
024881
024895
024908
024909
024910
024912
024915
024919
024920
024940
024942
024947
024949
024957
024963
024964
024965
024969
024971
024973
024974
024975
024981
024992
024993
024998
025002
025005
025006
025020
025021
025035
025036
025041
025043
025045
025046
025049
025052
025053
025061
025068
025073
025086
025090
025103
025106
025107
025115
025123
025124
025133
025138
025147
025148
025153
025155
025163
025179
025184
025186
025201
025210
025223
025234
025246
025250
025253
025257
025263
025267
025268
025270
025271
025273
025278
025282
025286
025287
025298
025307
025308
025310
025314
025315
025318
025322
025335
025357
025362
025378
025380
025383
025394
025401
025407
025414
025424
025428
025431
025433
025436
025444
025449
025452
025454
025455
025459
025464
025467
025477
025481
025487
025493
025494
025495
025500
025502
025504
025508
025517
025522
025529
025532
025536
025539
025541
025545
025546
025553
025556
025560
025563
025566
025572
025574
025575
025577
025586
025587
025588
025599
025602
025609
025620
025623
025627
025629
025630
025637
025644
025652
025661
025666
025671
025681
025689
025690
025694
025697
025698
025713
025717
025718
025722
025724
025725
025727
025731
025734
025735
025736
025737
025742
025747
025753
025756
025768
025773
025774
025776
025781
025783
025785
025792
025796
025803
025805
025806
025808
025813
025814
025815
025816
025822
025823
025826
025836
025837
025839
025841
025842
025845
025846
025852
025854
025855
025856
025864
025867
025871
025880
025881
025882
025885
025889
025894
025895
025900
025901
025904
025916
025919
025922
025923
025930
025931
025933
025942
025946
025953
025958
025960
025972
025983
025988
025994
025995
025996
025997
026011
026013
026016
026019
026020
026023
026024
026029
026039
026040
026042
026046
026056
026058
026063
026065
026073
026077
026079
026082
026087
026089
026090
026096
026097
026100
026112
026119
026127
026132
026156
026164
026171
026173
026174
026175
026176
026178
026180
026185
026188
026191
026197
026199
026206
026209
026221
026222
026226
026234
026236
026238
026239
026247
026263
026278
026293
026295
026296
026297
026300
026301
026304
026306
026307
026308
026310
026311
026314
026318
026319
026321
026330
026331
026339
026342
026347
026349
026352
026355
026360
026362
026365
026368
026371
026372
026378
026382
026384
026385
026388
026395
026404
026405
026406
026415
026418
026420
026441
026444
026445
026447
026452
026454
026462
026471
026472
026478
026479
026489
026492
026496
026500
026503
026505
026506
026517
026518
026524
026532
026534
026537
026538
026540
026542
026546
026561
026565
026586
026589
026598
026599
026606
026610
026617
026621
026624
026627
026631
026636
026638
026645
026646
026649
026652
026653
026655
026665
026671
026672
026673
026678
026683
026684
026694
026710
026711
026715
026717
026719
026721
026727
026742
026743
026747
026749
026751
026752
026757
026760
026764
026765
026769
026770
026778
026779
026783
026785
026787
026800
026810
026820
026828
026831
026845
026848
026850
026856
026865
026868
026871
026873
026877
026880
026883
026892
026893
026900
026901
026905
026906
026913
026915
026930
026931
026935
026936
026939
026942
026951
026953
026957
026962
026965
026971
026973
026975
026979
026983
026985
026987
026994
026995
026999
027026
027030
027042
027055
027058
027062
027063
027070
027076
027082
027087
027097
027106
027109
027116
027117
027121
027125
027127
027128
027132
027137
027138
027139
027140
027143
027149
027153
027161
027162
027170
027174
027182
027188
027190
027192
027198
027200
027208
027211
027213
027214
027216
027226
027227
027233
027241
027243
027246
027250
027252
027254
027260
027261
027264
027270
027271
027272
027283
027293
027300
027303
027309
027316
027322
027326
027327
027329
027331
027336
027338
027341
027345
027346
027351
027353
027356
027357
027358
027359
027362
027363
027364
027369
027372
027373
027376
027378
027382
027397
027400
027401
027402
027403
027406
027407
027409
027410
027411
027413
027414
027416
027425
027428
027431
027432
027434
027449
027451
027452
027455
027469
027473
027478
027481
027486
027489
027497
027507
027508
027510
027517
027522
027523
027529
027539
027545
027548
027560
027564
027575
027578
027579
027580
027585
027589
027609
027616
027622
027624
027627
027628
027632
027633
027640
027642
027644
027649
027651
027659
027661
027662
027666
027669
027672
027673
027674
027677
027681
027684
027685
027696
027697
027705
027709
027712
027716
027718
027719
027725
027729
027731
027732
027733
027738
027741
027744
027747
027753
027758
027766
027775
027781
027784
027791
027819
027821
027825
027828
027829
027830
027834
027835
027837
027839
027841
027842
027863
027866
027867
027869
027874
027877
027880
027885
027894
027897
027904
027918
027926
027930
027932
027934
027945
027949
027951
027952
027960
027968
027972
027981
027984
027989
028001
028006
028007
028008
028011
028016
028017
028021
028022
028026
028028
028030
028041
028042
028049
028051
028055
028060
028066
028071
028072
028074
028080
028081
028091
028093
028107
028109
028110
028120
028122
028123
028128
028129
028133
028138
028141
028146
028147
028150
028158
028159
028160
028167
028173
028177
028196
028216
028219
028223
028226
028227
028231
028240
028243
028245
028251
028254
028255
028257
028258
028261
028263
028269
028270
028288
028290
028292
028298
028302
028308
028312
028314
028320
028328
028333
028334
028335
028344
028347
028349
028350
028358
028368
028370
028374
028380
028386
028387
028388
028393
028396
028399
028410
028412
028415
028416
028422
028423
028427
028432
028453
028456
028464
028465
028467
028471
028482
028491
028501
028505
028511
028513
028515
028518
028522
028528
028529
028533
028536
028538
028540
028541
028549
028551
028552
028572
028578
028583
028584
028591
028612
028618
028621
028625
028631
028641
028646
028647
028650
028653
028656
028663
028666
028672
028673
028675
028678
028684
028691
028695
028697
028704
028707
028711
028717
028718
028734
028736
028740
028765
028775
028778
028787
028790
028792
028803
028804
028805
028806
028807
028811
028813
028817
028821
028828
028836
028837
028849
028850
028854
028857
028859
028863
028865
028868
028875
028885
028887
028901
028904
028911
028912
028913
028914
028916
028925
028929
028933
028937
028942
028945
028946
028951
028953
028954
028959
028960
028963
028969
028970
028977
028985
028987
028993
028996
028997
028999
029010
029011
029016
029019
029021
029023
029027
029044
029053
029057
029070
029077
029079
029099
029103
029109
029110
029112
029114
029120
029128
029130
029131
029141
029144
029146
029152
029157
029162
029164
029168
029170
029171
029173
029176
029178
029180
029182
029188
029207
029212
029218
029222
029225
029231
029237
029240
029241
029258
029270
029272
029278
029280
029287
029292
029298
029300
029304
029305
029309
029315
029319
029320
029333
029334
029339
029352
029354
029364
029376
029379
029385
029386
029391
029394
029395
029409
029426
029436
029437
029440
029441
029456
029459
029461
029462
029470
029471
029476
029485
029495
029504
029507
029508
029509
029512
029515
029521
029528
029533
029534
029535
029543
029546
029547
029549
029553
029555
029557
029560
029566
029571
029576
029585
029587
029588
029596
029603
029628
029633
029642
029648
029652
029654
029656
029658
029664
029670
029671
029672
029676
029678
029685
029688
029691
029693
029694
029697
029701
029708
029712
029713
029717
029722
029725
029727
029737
029741
029750
029751
029753
029759
029764
029767
029769
029783
029788
029795
029801
029804
029810
029814
029821
029825
029835
029838
029841
029842
029843
029845
029850
029853
029861
029862
029869
029870
029871
029873
029876
029877
029897
029898
029899
029900
029911
029918
029936
029941
029942
029958
029959
029966
029968
029969
029972
029973
029974
029979
029998
030000
030005
030006
030016
030022
030025
030028
030031
030035
030044
030060
030069
030073
030077
030080
030081
030084
030092
030094
030108
030116
030117
030133
030150
030155
030157
030159
030161
030165
030167
030169
030170
030172
030187
030193
030199
030201
030204
030207
030215
030218
030222
030226
030233
030235
030237
030238
030239
030241
030246
030251
030253
030255
030258
030260
030267
030275
030277
030282
030286
030289
030291
030301
030305
030310
030311
030314
030319
030323
030324
030325
030330
030331
030332
030335
030336
030339
030344
030347
030348
030353
030354
030356
030360
030367
030368
030372
030381
030383
030398
030404
030408
030412
030414
030415
030416
030424
030431
030434
030436
030437
030448
030450
030455
030456
030457
030459
030460
030461
030477
030485
030492
030497
030498
030503
030512
030513
030514
030515
030523
030529
030530
030533
030538
030542
030545
030546
030548
030557
030561
030567
030568
030569
030576
030581
030582
030590
030591
030592
030593
030595
030597
030598
030599
030602
030607
030617
030625
030628
030638
030643
030649
030655
030656
030657
030658
030668
030670
030675
030684
030688
030694
030697
030701
030704
030712
030719
030722
030725
030727
030728
030729
030736
030739
030744
030747
030755
030757
030764
030767
030773
030792
030795
030804
030805
030807
030809
030812
030820
030821
030827
030830
030832
030834
030835
030836
030850
030858
030874
030886
030889
030890
030899
030902
030915
030916
030925
030927
030930
030938
030941
030950
030951
030958
030959
030978
030984
030986
030988
030994
031000
031010
031012
031014
031017
031022
031026
031028
031033
031039
031044
031045
031048
031052
031055
031060
031062
031063
031064
031065
031069
031071
031078
031086
031089
031096
031097
031098
031103
031113
031117
031129
031130
031138
031139
031140
031141
031144
031157
031168
031171
031175
031181
031185
031189
031193
031201
031208
031213
031214
031216
031220
031233
031246
031252
031253
031255
031256
031257
031260
031268
031271
031275
031281
031283
031291
031293
031295
031298
031301
031306
031311
031318
031320
031325
031327
031331
031336
031341
031342
031346
031347
031349
031361
031377
031385
031393
031395
031397
031403
031405
031417
031432
031434
031451
031452
031458
031459
031463
031466
031469
031472
031479
031481
031484
031496
031497
031500
031506
031507
031509
031511
031514
031518
031527
031532
031534
031550
031554
031567
031568
031570
031577
031581
031582
031584
031585
031586
031587
031588
031589
031594
031610
031616
031625
031626
031630
031631
031634
031637
031643
031644
031651
031655
031658
031659
031672
031673
031677
031684
031686
031690
031692
031695
031698
031699
031700
031701
031707
031710
031711
031712
031714
031715
031717
031735
031748
031751
031761
031762
031766
031782
031787
031798
031800
031807
031809
031827
031837
031850
031852
031857
031859
031863
031873
031879
031888
031889
031895
031896
031899
031901
031903
031904
031906
031913
031914
031915
031928
031931
031938
031941
031942
031950
031954
031963
031965
031981
031982
031992
031993
032005
032011
032012
032013
032016
032026
032036
032041
032043
032046
032048
032052
032054
032057
032059
032060
032072
032076
032085
032086
032091
032097
032101
032103
032106
032116
032129
032131
032132
032135
032142
032148
032153
032158
032161
032163
032166
032173
032176
032183
032185
032196
032204
032208
032225
032226
032227
032235
032236
032238
032242
032254
032264
032270
032273
032276
032278
032279
032280
032282
032285
032286
032291
032296
032300
032303
032307
032309
032310
032315
032324
032330
032333
032335
032337
032339
032340
032342
032361
032363
032364
032367
032374
032378
032383
032392
032405
032406
032407
032412
032415
032419
032423
032425
032429
032431
032435
032436
032443
032445
032446
032448
032449
032452
032460
032463
032467
032468
032482
032501
032505
032507
032510
032518
032519
032522
032524
032527
032528
032529
032535
032538
032545
032549
032550
032565
032570
032572
032573
032586
032603
032606
032610
032615
032619
032623
032628
032636
032640
032643
032650
032651
032654
032658
032661
032664
032665
032666
032668
032679
032686
032694
032710
032712
032719
032722
032727
032728
032730
032739
032741
032745
032747
032749
032761
032768
032770
032773
032774
032776
032779
032780
032786
032789
032794
032797
032799
032801
032802
032803
032807
032808
032811
032812
032816
032827
032838
032840
032842
032844
032845
032847
032851
032857
032858
032861
032865
032869
032871
032877
032878
032879
032880
032882
032884
032892
032899
032900
032906
032908
032911
032913
032914
032915
032917
032919
032928
032931
032932
032935
032936
032939
032942
032943
032944
032945
032946
032947
032951
032952
032953
032954
032959
032969
032972
032990
032995
033002
033008
033012
033018
033021
033023
033024
033029
033032
033053
033055
033056
033057
033061
033062
033066
033069
033076
033079
033087
033089
033096
033100
033102
033103
033105
033111
033113
033114
033121
033125
033127
033132
033135
033137
033142
033143
033144
033149
033150
033158
033164
033176
033181
033184
033189
033190
033194
033195
033201
033207
033227
033229
033232
033237
033241
033250
033252
033253
033255
033256
033282
033284
033292
033297
033300
033310
033311
033314
033316
033318
033325
033335
033336
033347
033348
033352
033377
033378
033380
033391
033394
033402
033404
033407
033409
033413
033423
033424
033425
033427
033428
033430
033437
033440
033465
033466
033467
033476
033482
033489
033490
033497
033502
033503
033504
033507
033508
033512
033515
033517
033525
033526
033531
033532
033541
033543
033547
033556
033557
033559
033563
033568
033586
033587
033591
033593
033596
033600
033601
033602
033609
033611
033612
033622
033623
033627
033629
033630
033631
033634
033640
033642
033648
033649
033650
033655
033656
033662
033663
033666
033670
033679
033680
033681
033682
033691
033696
033697
033702
033703
033706
033708
033709
033710
033713
033720
033721
033722
033725
033729
033739
033740
033743
033747
033755
033757
033765
033768
033771
033775
033779
033781
033782
033789
033803
033804
033806
033810
033816
033820
033824
033831
033832
033837
033842
033844
033853
033855
033856
033858
033860
033863
033866
033869
033877
033878
033882
033883
033885
033891
033892
033901
033906
033910
033914
033917
033935
033938
033948
033950
033964
033972
033974
033977
033979
033980
033981
033984
033990
033995
033997
034001
034002
034004
034009
034012
034017
034018
034019
034021
