000008
000009
000021
000023
000024
000026
000038
000039
000040
000041
000044
000045
000046
000049
000050
000052
000053
000065
000067
000070
000075
000079
000088
000091
000094
000096
000097
000122
000124
000130
000131
000136
000137
000144
000147
000153
000154
000160
000171
000172
000173
000181
000182
000188
000204
000209
000211
000216
000218
000221
000230
000236
000238
000243
000245
000267
000269
000278
000280
000281
000297
000298
000299
000301
000303
000304
000317
000323
000332
000335
000341
000352
000357
000359
000363
000367
000368
000374
000382
000386
000391
000395
000410
000411
000417
000429
000432
000439
000443
000447
000468
000471
000472
000476
000482
000495
000499
000500
000506
000514
000542
000545
000547
000550
000555
000561
000563
000565
000570
000574
000575
000580
000582
000586
000590
000597
000599
000600
000601
000607
000608
000617
000619
000634
000635
000640
000646
000649
000653
000656
000662
000663
000664
000670
000674
000678
000682
000685
000690
000691
000696
000697
000699
000701
000708
000710
000712
000715
000722
000726
000730
000745
000750
000769
000781
000783
000787
000793
000805
000807
000814
000828
000832
000834
000845
000846
000851
000853
000856
000859
000861
000875
000891
000896
000897
000902
000910
000914
000916
000923
000930
000932
000941
000946
000947
000954
000955
000960
000961
000978
000981
000982
000989
000996
000998
001007
001010
001012
001015
001024
001032
001033
001039
001041
001044
001047
001050
001058
001062
001064
001067
001068
001076
001077
001082
001087
001094
001103
001104
001108
001114
001117
001122
001126
001127
001136
001143
001145
001146
001151
001156
001157
001158
001164
001176
001189
001190
001205
001211
001212
001214
001219
001222
001225
001228
001230
001232
001240
001246
001249
001251
001257
001260
001263
001265
001266
001269
001282
001284
001289
001295
001296
001306
001309
001320
001321
001332
001338
001344
001345
001346
001353
001362
001372
001377
001379
001381
001385
001391
001402
001414
001416
001417
001419
001431
001433
001437
001446
001448
001453
001457
001464
001473
001474
001485
001487
001488
001494
001495
001498
001504
001509
001514
001521
001523
001526
001530
001531
001534
001537
001546
001547
001548
001549
001552
001556
001561
001570
001575
001578
001581
001588
001589
001593
001608
001614
001620
001621
001625
001627
001633
001640
001642
001645
001646
001649
001652
001658
001660
001661
001668
001674
001675
001676
001677
001683
001684
001690
001692
001698
001699
001700
001703
001710
001724
001742
001752
001754
001755
001759
001763
001767
001770
001771
001772
001776
001778
001780
001782
001792
001819
001823
001828
001831
001834
001839
001850
001853
001859
001863
001867
001868
001869
001872
001874
001878
001882
001887
001892
001893
001898
001899
001900
001902
001903
001906
001914
001918
001929
001934
001937
001946
001947
001951
001954
001957
001960
001962
001967
001972
001974
001978
001981
001986
001988
001992
001993
001998
001999
002000
002001
002006
002015
002016
002023
002024
002027
002031
002034
002049
002050
002053
002054
002055
002063
002064
002074
002081
002083
002086
002089
002091
002092
002100
002104
002106
002110
002114
002117
002119
002122
002128
002136
002137
002141
002142
002147
002148
002155
002156
002158
002163
002165
002167
002169
002172
002175
002176
002178
002185
002191
002199
002200
002202
002204
002210
002213
002216
002221
002223
002226
002233
002235
002237
002239
002241
002247
002248
002256
002259
002261
002267
002268
002277
002287
002290
002301
002304
002309
002312
002321
002322
002326
002329
002330
002336
002344
002346
002349
002353
002361
002377
002382
002385
002389
002390
002392
002401
002405
002408
002410
002414
002416
002423
002424
002430
002433
002443
002450
002452
002455
002459
002461
002462
002466
002467
002470
002472
002473
002474
002480
002484
002486
002492
002494
002496
002497
002514
002531
002551
002554
002559
002560
002561
002562
002563
002564
002581
002583
002590
002597
002607
002611
002613
002615
002620
002623
002628
002631
002639
002644
002656
002658
002659
002664
002666
002668
002673
002674
002679
002686
002689
002696
002699
002701
002707
002712
002713
002718
002724
002725
002734
002741
002752
002754
002770
002778
002782
002790
002799
002809
002812
002817
002818
002826
002835
002836
002848
002856
002862
002865
002866
002870
002873
002878
002890
002902
002904
002908
002913
002915
002919
002920
002921
002925
002927
002934
002936
002943
002949
002953
002957
002959
002963
002976
002985
002986
002993
002995
003002
003003
003004
003013
003015
003017
003025
003028
003044
003047
003050
003051
003066
003071
003074
003075
003082
003085
003086
003088
003089
003099
003105
003109
003110
003112
003120
003122
003131
003132
003146
003151
003154
003155
003161
003162
003167
003174
003183
003185
003187
003188
003199
003208
003209
003214
003217
003221
003224
003239
003241
003259
003260
003266
003269
003288
003299
003300
003305
003314
003315
003324
003325
003335
003339
003340
003345
003347
003351
003352
003356
003359
003360
003362
003368
003374
003378
003389
003391
003401
003405
003406
003409
003412
003415
003416
003420
003423
003429
003434
003444
003449
003453
003454
003455
003474
003491
003497
003501
003502
003509
003515
003522
003528
003534
003542
003543
003553
003555
003566
003571
003579
003581
003586
003589
003601
003609
003610
003614
003616
003625
003637
003639
003652
003655
003662
003663
003677
003678
003682
003698
003703
003704
003708
003711
003715
003717
003731
003736
003740
003741
003747
003763
003772
003775
003778
003786
003787
003791
003792
003794
003795
003820
003826
003831
003833
003838
003844
003850
003853
003854
003856
003866
003870
003877
003879
003881
003885
003893
003900
003902
003905
003908
003909
003914
003923
003925
003936
003941
003950
003953
003956
003979
003986
003992
003996
003998
003999
004008
004009
004010
004012
004024
004025
004027
004035
004037
004050
004052
004059
004065
004069
004086
004087
004092
004100
004103
004113
004114
004117
004123
004126
004137
004138
004140
004152
004155
004157
004165
004170
004173
004180
004183
004194
004197
004200
004212
004217
004221
004225
004232
004233
004236
004242
004247
004250
004252
004258
004260
004273
004274
004275
004293
004298
004300
004301
004312
004314
004317
004324
004329
004330
004333
004345
004350
004351
004353
004356
004357
004368
004377
004384
004393
004396
004398
004412
004422
004425
004426
004430
004432
004433
004438
004439
004445
004448
004451
004452
004456
004459
004463
004464
004471
004475
004480
004482
004484
004486
004490
004492
004499
004513
004517
004533
004534
004535
004536
004537
004538
004540
004547
004549
004557
004558
004562
004574
004592
004597
004604
004605
004608
004611
004612
004618
004621
004622
004624
004625
004630
004632
004635
004641
004642
004643
004651
004653
004656
004667
004673
004678
004682
004683
004687
004690
004710
004716
004717
004718
004731
004732
004733
004740
004741
004748
004749
004750
004755
004757
004758
004762
004771
004781
004787
004789
004792
004793
004797
004803
004806
004810
004814
004815
004816
004820
004822
004834
004842
004846
004855
004860
004861
004864
004866
004872
004874
004876
004879
004881
004883
004886
004887
004889
004894
004896
004898
004901
004907
004940
004944
004950
004953
004961
004963
004969
004977
004979
004989
004991
005003
005008
005011
005017
005022
005030
005034
005035
005036
005044
005050
005051
005055
005068
005085
005086
005087
005088
005094
005097
005105
005107
005108
005111
005119
005126
005144
005151
005154
005157
005164
005165
005169
005174
005185
005190
005196
005200
005201
005204
005208
005210
005211
005218
005219
005221
005237
005247
005249
005257
005262
005264
005276
005281
005282
005283
005284
005304
005307
005308
005321
005322
005325
005330
005337
005339
005340
005341
005354
005357
005360
005376
005378
005383
005401
005402
005403
005426
005434
005436
005437
005439
005443
005446
005447
005448
005455
005461
005472
005473
005474
005476
005478
005483
005488
005491
005492
005497
005504
005524
005531
005532
005534
005535
005542
005549
005558
005560
005565
005566
005568
005575
005592
005594
005595
005596
005598
005600
005601
005606
005608
005612
005614
005622
005623
005636
005639
005644
005647
005657
005658
005660
005661
005663
005665
005666
005668
005669
005670
005675
005676
005680
005687
005688
005693
005706
005707
005711
005712
005716
005721
005725
005729
005732
005733
005743
005751
005758
005765
005766
005767
005769
005770
005774
005776
005780
005783
005784
005789
005793
005797
005808
005816
005824
005827
005828
005829
005835
005842
005845
005846
005850
005851
005853
005855
005857
005869
005872
005873
005880
005882
005887
005889
005896
005897
005909
005913
005915
005917
005924
005929
005931
005938
005957
005966
005974
005976
005981
005985
005987
005991
005996
006000
006002
006004
006006
006007
006011
006014
006015
006026
006029
006033
006035
006036
006050
006052
006053
006055
006057
006058
006061
006076
006079
006084
006085
006098
006117
006120
006129
006133
006134
006139
006142
006143
006145
006150
006151
006163
006165
006169
006171
006173
006181
006186
006189
006195
006197
006201
006203
006205
006206
006211
006219
006225
006231
006234
006237
006238
006245
006246
006251
006261
006268
006271
006276
006289
006290
006302
006309
006313
006314
006317
006322
006327
006329
006332
006335
006347
006356
006362
006364
006372
006377
006380
006387
006417
006428
006430
006434
006436
006438
006439
006441
006447
006449
006454
006456
006458
006460
006464
006466
006480
006488
006494
006496
006497
006500
006503
006507
006518
006530
006531
006538
006539
006540
006543
006549
006563
006571
006584
006591
006594
006598
006599
006604
006607
006609
006612
006614
006629
006639
006643
006644
006649
006654
006663
006677
006678
006685
006691
006695
006715
006717
006721
006730
006736
006744
006745
006750
006759
006775
006785
006792
006798
006799
006803
006810
006815
006816
006820
006821
006824
006827
006828
006831
006834
006836
006853
006854
006856
006864
006871
006891
006906
006908
006912
006913
006927
006932
006936
006945
006947
006951
006952
006953
006954
006962
006964
006970
006981
006988
006993
006997
006998
007005
007008
007016
007017
007028
007032
007034
007047
007050
007051
007054
007056
007062
007066
007077
007082
007084
007085
007088
007094
007104
007106
007116
007121
007122
007143
007150
007154
007156
007165
007169
007173
007182
007187
007188
007189
007195
007198
007201
007203
007206
007207
007214
007215
007219
007223
007230
007235
007241
007253
007254
007266
007269
007283
007284
007292
007295
007297
007299
007308
007309
007325
007328
007329
007330
007337
007340
007346
007352
007359
007363
007364
007369
007386
007388
007392
007397
007409
007418
007421
007436
007437
007442
007447
007450
007458
007460
007469
007472
007473
007474
007480
007486
007490
007491
007493
007504
007505
007510
007511
007512
007515
007527
007531
007534
007536
007537
007554
007556
007560
007562
007586
007587
007592
007602
007606
007611
007612
007621
007622
007628
007631
007634
007637
007638
007639
007640
007651
007672
007683
007684
007690
007693
007699
007706
007712
007718
007720
007721
007722
007723
007724
007735
007739
007744
007745
007746
007748
007749
007750
007755
007758
007760
007763
007764
007777
007779
007788
007789
007791
007798
007800
007811
007812
007820
007821
007825
007828
007835
007840
007842
007854
007860
007861
007866
007867
007877
007883
007888
007894
007896
007905
007911
007918
007919
007921
007929
007933
007935
007936
007938
007945
007949
007952
007976
007977
007982
007985
007987
007992
007995
007996
008001
008009
008012
008016
008017
008019
008032
008033
008054
008057
008058
008063
008064
008072
008080
008081
008086
008089
008090
008098
008100
008101
008108
008113
008121
008127
008147
008150
008156
008164
008176
008182
008184
008187
008189
008193
008194
008196
008197
008203
008208
008219
008224
008232
008243
008251
008264
008270
008272
008273
008275
008276
008282
008284
008290
008297
008304
008309
008313
008322
008335
008344
008345
008353
008356
008359
008365
008370
008373
008377
008378
008394
008398
008407
008413
008417
008419
008422
008426
008430
008433
008440
008443
008450
008451
008468
008469
008477
008495
008503
008508
008518
008526
008527
008536
008540
008541
008542
008544
008546
008553
008555
008565
008566
008568
008571
008576
008578
008582
008588
008598
008608
008609
008618
008629
008631
008632
008634
008635
008641
008648
008650
008651
008658
008661
008667
008669
008671
008690
008699
008703
008708
008714
008724
008726
008733
008736
008737
008746
008754
008761
008762
008769
008771
008775
008778
008783
008785
008786
008791
008796
008810
008811
008826
008827
008833
008838
008839
008841
008846
008848
008858
008859
008861
008865
008872
008877
008878
008886
008891
008892
008900
008906
008916
008917
008932
008936
008941
008943
008946
008949
008958
008963
008969
008971
008972
008975
008980
008983
008984
008995
008999
009003
009007
009015
009016
009026
009035
009037
009039
009040
009041
009042
009053
009057
009059
009066
009071
009073
009074
009079
009080
009084
009087
009100
009105
009108
009112
009116
009123
009127
009148
009156
009166
009169
009178
009185
009189
009194
009203
009207
009208
009209
009222
009224
009225
009228
009231
009241
009244
009249
009256
009276
009277
009283
009285
009289
009291
009293
009297
009299
009303
009307
009308
009310
009311
009316
009323
009324
009325
009330
009342
009345
009355
009357
009359
009361
009364
009368
009393
009398
009402
009406
009407
009408
009411
009412
009415
009417
009418
009419
009427
009434
009438
009441
009445
009448
009450
009453
009455
009458
009460
009467
009468
009469
009471
009475
009483
009502
009504
009505
009506
009516
009519
009520
009521
009524
009525
009540
009541
009542
009548
009550
009559
009571
009576
009581
009590
009595
009596
009597
009602
009603
009604
009606
009608
009627
009634
009651
009653
009656
009657
009662
009663
009669
009671
009672
009681
009683
009684
009690
009701
009702
009707
009710
009718
009719
009720
009723
009730
009736
009738
009743
009758
009759
009765
009766
009767
009768
009774
009777
009781
009786
009792
009818
009822
009827
009832
009837
009841
009845
009846
009851
009853
009857
009863
009864
009866
009868
009870
009872
009873
009875
009881
009883
009886
009888
009892
009897
009904
009905
009910
009911
009913
009915
009916
009920
009922
009924
009927
009935
009937
009938
009947
009948
009949
009964
009976
009978
009986
009990
009994
009999
010009
010014
010016
010021
010022
010028
010029
010033
010036
010043
010050
010059
010061
010070
010071
010076
010094
010103
010109
010111
010112
010114
010129
010132
010133
010134
010135
010136
010138
010141
010142
010143
010150
010164
010165
010168
010180
010183
010189
010203
010213
010226
010228
010230
010231
010233
010243
010250
010253
010254
010255
010256
010258
010259
010264
010267
010288
010291
010292
010295
010297
010303
010309
010321
010325
010328
010329
010332
010337
010343
010347
010353
010367
010373
010375
010378
010383
010384
010389
010395
010413
010417
010419
010424
010430
010435
010438
010439
010440
010442
010449
010453
010459
010482
010484
010486
010499
010503
010507
010512
010519
010521
010522
010526
010529
010535
010536
010555
010564
010565
010570
010574
010583
010588
010591
010594
010600
010602
010610
010613
010624
010629
010634
010641
010651
010652
010654
010662
010680
010685
010686
010690
010693
010698
010703
010706
010717
010719
010720
010724
010727
010729
010735
010737
010743
010749
010750
010752
010757
010759
010763
010769
010774
010782
010789
010796
010797
010798
010802
010806
010807
010808
010814
010815
010820
010830
010831
010832
010840
010850
010851
010855
010856
010857
010863
010888
010892
010903
010904
010909
010927
010933
010938
010939
010941
010944
010946
010948
010950
010956
010958
010964
010966
010970
010972
010974
010980
010989
010995
010999
011030
011031
011032
011034
011036
011047
011049
011053
011055
011072
011085
011087
011088
011098
011099
011104
011109
011115
011117
011122
011127
011130
011133
011134
011141
011142
011148
011151
011154
011156
011159
011162
011163
011164
011167
011175
011194
011196
011202
011206
011208
011228
011231
011232
011238
011239
011240
011242
011244
011252
011253
011257
011265
011270
011273
011278
011279
011280
011294
011300
011301
011302
011304
011305
011306
011307
011313
011316
011319
011323
011329
011341
011359
011361
011362
011366
011369
011372
011377
011382
011383
011388
011389
011395
011401
011403
011408
011420
011428
011432
011434
011447
011454
011464
011467
011469
011476
011477
011480
011482
011483
011485
011492
011497
011506
011507
011519
011521
011523
011527
011531
011533
011540
011547
011552
011554
011555
011560
011563
011568
011571
011580
011582
011587
011592
011593
011598
011603
011609
011612
011621
011623
011627
011635
011637
011642
011643
011650
011656
011660
011661
011663
011669
011679
011680
011688
011700
011701
011709
011716
011729
011743
011744
011745
011753
011755
011756
011763
011765
011766
011776
011781
011790
011791
011793
011796
011797
011800
011805
011816
011819
011820
011821
011822
011828
011830
011841
011851
011856
011871
011883
011884
011886
011891
011895
011896
011897
011898
011903
011908
011914
011917
011920
011923
011924
011925
011928
011934
011940
011970
011976
011982
011983
011991
011997
012007
012014
012016
012019
012038
012050
012051
012055
012064
012067
012069
012074
012082
012088
012095
012097
012098
012101
012115
012116
012118
012121
012148
012149
012150
012156
012161
012166
012167
012172
012175
012180
012190
012192
012193
012194
012196
012197
012203
012207
012211
012215
012220
012221
012225
012234
012235
012236
012239
012240
012246
012250
012259
012264
012271
012274
012276
012277
012279
012282
012284
012297
012299
012301
012314
012320
012321
012322
012334
012336
012337
012340
012343
012344
012347
012350
012355
012357
012362
012374
012382
012396
012403
012404
012411
012412
012415
012422
012427
012428
012434
012461
012474
012476
012482
012489
012490
012492
012495
012498
012499
012506
012513
012522
012529
012530
012534
012537
012538
012542
012546
012547
012551
012552
012558
012561
012563
012577
012578
012579
012590
012591
012603
012606
012613
012619
012625
012628
012636
012637
012639
012641
012644
012645
012648
012650
012654
012658
012659
012660
012667
012682
012688
012690
012694
012699
012700
012705
012714
012728
012737
012753
012754
012755
012759
012760
012761
012764
012769
012782
012809
012816
012819
012820
012824
012825
012830
012841
012856
012857
012860
012868
012871
012874
012875
012878
012884
012892
012895
012897
012898
012902
012907
012909
012914
012916
012919
012924
012927
012928
012930
012931
012946
012952
012958
012959
012961
012972
012980
012989
012991
012992
012994
012999
013008
013009
013013
013020
013021
013025
013026
013034
013042
013043
013051
013078
013079
013080
013083
013088
013091
013095
013100
013107
013108
013118
013122
013126
013132
013156
013160
013176
013178
013181
013185
013190
013194
013196
013198
013199
013210
013212
013216
013235
013248
013252
013253
013254
013258
013262
013263
013265
013270
013273
013279
013283
013291
013292
013295
013300
013303
013308
013310
013315
013328
013330
013331
013334
013342
013348
013354
013357
013361
013370
013372
013373
013384
013385
013390
013392
013393
013397
013407
013413
013415
013417
013426
013429
013442
013443
013444
013448
013464
013474
013475
013479
013483
013484
013485
013488
013501
013503
013505
013506
013508
013510
013512
013513
013514
013520
013525
013531
013537
013540
013546
013547
013548
013555
013559
013566
013567
013572
013583
013595
013596
013599
013600
013617
013619
013621
013627
013631
013632
013646
013655
013660
013662
013664
013669
013670
013673
013674
013675
013683
013685
013689
013696
013697
013698
013699
013706
013711
013713
013721
013722
013732
013737
013746
013747
013751
013761
013767
013770
013773
013782
013791
013792
013793
013796
013803
013812
013816
013822
013828
013829
013833
013836
013837
013842
013843
013846
013854
013859
013862
013864
013868
013869
013874
013880
013881
013888
013889
013894
013895
013896
013897
013903
013905
013907
013923
013927
013929
013936
013939
013943
013959
013966
013973
013974
013976
013977
013978
013982
013984
013989
013991
013994
013996
013998
014002
014003
014004
014006
014009
014014
014018
014026
014029
014031
014041
014043
014044
014052
014062
014063
014071
014076
014082
014083
014090
014096
014098
014101
014107
014113
014115
014119
014122
014123
014128
014130
014134
014138
014141
014143
014144
014145
014146
014150
014153
014154
014155
014163
014164
014171
014172
014173
014175
014177
014188
014190
014193
014196
014197
014198
014200
014205
014214
014215
014221
014232
014233
014238
014240
014254
014263
014264
014269
014272
014276
014281
014293
014294
014303
014305
014308
014311
014315
014317
014322
014332
014334
014335
014338
014341
014348
014353
014360
014364
014379
014384
014387
014389
014390
014396
014402
014405
014411
014413
014415
014421
014422
014428
014438
014444
014449
014459
014461
014464
014466
014475
014476
014478
014480
014482
014483
014494
014502
014505
014508
014523
014541
014553
014558
014561
014562
014576
014578
014585
014588
014594
014603
014614
014615
014626
014627
014633
014636
014639
014641
014645
014646
014649
014653
014661
014664
014668
014669
014683
014685
014688
014693
014695
014696
014697
014702
014707
014708
014709
014714
014717
014719
014720
014726
014729
014740
014743
014747
014750
014751
014752
014754
014756
014757
014759
014767
014773
014782
014786
014791
014797
014802
014803
014808
014811
014814
014821
014824
014830
014835
014841
014847
014857
014860
014861
014864
014866
014872
014880
014884
014898
014908
014912
014923
014924
014926
014929
014931
014932
014936
014943
014945
014946
014947
014952
014954
014955
014960
014963
014969
014979
014982
014983
014989
014990
014993
015000
015002
015004
015010
015021
015024
015025
015027
015028
015035
015037
015043
015044
015049
015052
015058
015060
015064
015065
015066
015068
015069
015071
015072
015089
015097
015103
015106
015116
015128
015133
015138
015140
015143
015145
015152
015158
015162
015167
015171
015174
015176
015185
015188
015189
015190
015191
015193
015194
015195
015197
015200
015202
015205
015206
015219
015223
015231
015235
015237
015248
015251
015261
015265
015266
015269
015273
015280
015288
015290
015293
015299
015315
015320
015329
015330
015340
015341
015346
015347
015351
015352
015356
015357
015361
015365
015369
015371
015373
015378
015382
015384
015393
015394
015399
015409
015412
015417
015427
015428
015429
015431
015433
015436
015447
015449
015452
015456
015465
015466
015472
015474
015476
015479
015493
015495
015496
015497
015510
015518
015523
015526
015527
015529
015534
015540
015545
015549
015563
015564
015569
015572
015574
015579
015581
015597
015601
015620
015630
015641
015643
015647
015659
015666
015668
015669
015677
015679
015690
015702
015710
015719
015723
015725
015732
015733
015738
015750
015753
015763
015768
015772
015774
015779
015786
015790
015794
015801
015803
015810
015815
015817
015821
015824
015829
015831
015833
015840
015842
015844
015850
015863
015867
015869
015875
015876
015884
015893
015894
015899
015906
015911
015912
015916
015918
015922
015924
015931
015933
015950
015955
015957
015965
015972
015975
015983
015985
015988
015990
015997
016007
016013
016015
016022
016023
016034
016036
016049
016056
016065
016068
016073
016074
016077
016080
016085
016086
016088
016095
016097
016100
016108
016111
016115
016132
016134
016140
016154
016157
016166
016173
016179
016184
016192
016195
016196
016198
016202
016216
016218
016227
016229
016244
016248
016258
016265
016275
016283
016285
016296
016297
016298
016302
016310
016316
016321
016323
016325
016329
016330
016348
016350
016352
016354
016358
016363
016368
016369
016373
016376
016380
016383
016410
016420
016423
016437
016439
016449
016471
016474
016483
016497
016498
016517
016525
016527
016536
016540
016544
016563
016572
016575
016579
016585
016588
016595
016600
016601
016605
016612
016624
016630
016631
016643
016646
016650
016654
016701
016702
016714
016715
016720
016724
016726
016730
016745
016755
016771
016779
016797
016803
016808
016828
016837
016855
016856
016858
016882
016895
016898
016910
016920
016923
016933
016941
016946
016955
016975
016984
016989
016994
017006
017008
017032
017044
017054
017056
017084
017091
017104
017108
017128
017129
017135
017141
017169
017171
017172
017177
017180
017185
017186
017199
017201
017205
017219
017257
017267
017272
017276
017295
017304
017305
017307
017320
017331
017337
017358
017361
017396
017397
017402
017411
017437
017438
017480
017483
017513
017522
017527
017547
017548
017552
017571
017588
017599
017610
017613
017616
017622
017632
017634
017658
017665
017677
017679
017681
017683
017689
017690
017706
017716
017730
017732
017766
017770
017772
017780
017781
017793
017802
017811
017813
017816
017836
017839
017842
017853
017861
017863
017868
017879
017897
017915
017929
017939
017945
017951
017954
017962
017971
017979
017985
017987
017993
017994
017996
018033
018034
018048
018078
018092
018109
018133
018134
018138
018145
018152
018158
018164
018187
018188
018190
018211
018217
018226
018234
018247
018265
018271
018272
018274
018277
018308
018314
018320
018326
018331
018343
018351
018361
018362
018363
018368
018373
018374
018393
018406
018407
018413
018415
018427
018428
018432
018433
018441
018446
018448
018454
018455
018457
018471
018485
018528
018554
018555
018579
018582
018600
018602
018604
018607
018609
018638
018641
018650
018653
018660
018664
018689
018696
018712
018727
018736
018744
018751
018766
018772
018783
018787
018807
018811
018821
018826
018829
018845
018862
018865
018893
018930
018939
018952
018957
018984
018991
018992
018997
019004
019024
019051
019052
019055
019071
019075
019083
019084
019090
019092
019097
019098
019104
019114
019115
019120
019127
019137
019138
019147
019148
019163
019165
019173
019188
019195
019198
019203
019205
019210
019240
019253
019255
019259
019267
019281
019282
019284
019296
019331
019332
019342
019344
019364
019366
019370
019387
019425
019426
019453
019466
019468
019484
019497
019507
019508
019537
019573
019575
019594
019597
019618
019627
019634
019638
019660
019699
019709
019724
019732
019733
019759
019763
019768
019779
019815
019823
019825
019826
019859
019861
019863
019868
019874
019880
019888
019893
019895
019899
019902
019904
019915
019922
019935
019945
019958
019969
019970
019975
019984
019994
020002
020005
020017
020031
020041
020050
020065
020089
020091
020113
020138
020144
020148
020164
020166
020167
020171
020184
020198
020201
020204
020223
020228
020234
020248
020251
020258
020266
020268
020273
020278
020285
020302
020305
020319
020325
020328
020330
020333
020344
020349
020356
020378
020379
020383
020425
020431
020443
020461
020462
020465
020469
020470
020486
020497
020498
020500
020527
020533
020551
020555
020578
020582
020587
020600
020613
020616
020641
020647
020650
020661
020665
020681
020686
020698
020708
020710
020724
020727
020739
020759
020762
020779
020793
020799
020800
020815
020850
020862
020870
020876
020884
020893
020895
020904
020925
020929
020939
020946
020955
020958
020965
020975
020983
020993
021007
021015
021019
021022
021028
021031
021049
021061
021068
021073
021081
021095
021112
021128
021137
021140
021141
021150
021155
021161
021167
021171
021173
021200
021211
021221
021230
021238
021255
021258
021275
021279
021288
021297
021302
021309
021316
021341
021342
021352
021363
021368
021374
021401
021402
021430
021435
021441
021455
021457
021462
021479
021485
021497
021501
021508
021510
021531
021532
021538
021541
021561
021567
021568
021571
021573
021574
021579
021585
021589
021592
021602
021605
021615
021650
021684
021695
021704
021709
021730
021733
021735
021757
021776
021781
021793
021826
021828
021834
021835
021843
021844
021860
021864
021870
021871
021873
021879
021888
021893
021901
021903
021929
021937
021944
021945
021958
021961
021983
022013
022069
022080
022090
022092
022104
022105
022108
022120
022126
022132
022146
022148
022152
022154
022162
022164
022168
022182
022196
022202
022215
022216
022227
022235
022251
022255
022265
022266
022286
022296
022312
022346
022383
022396
022419
022425
022429
022432
022433
022445
022466
022468
022473
022479
022488
022501
022511
022516
022518
022524
022526
022537
022549
022553
022556
022568
022574
022580
022598
022604
022639
022645
022647
022656
022657
022670
022716
022727
022730
022742
022745
022759
022766
022787
022791
022799
022802
022808
022812
022817
022825
022834
022839
022841
022842
022863
022890
022916
022931
022959
022963
022971
022982
022989
022995
023000
023004
023006
023012
023015
023030
023044
023046
023047
023053
023063
023070
023074
023085
023102
023108
023118
023119
023121
023124
023125
023131
023138
023151
023160
023171
023175
023204
023205
023207
023215
023235
023242
023249
023270
023289
023293
023295
023324
023326
023340
023345
023366
023368
023376
023381
023385
023386
023405
023421
023423
023442
023462
023469
023473
023493
023497
023504
023509
023551
023562
023591
023599
023627
023636
023658
023661
023678
023709
023710
023717
023732
023751
023756
023777
023779
023793
023798
023805
023813
023846
023858
023859
023870
023898
023909
023915
023926
023933
023944
023950
023957
023972
023988
024003
024011
024017
024027
024029
024034
024041
024049
024059
024060
024086
024093
024110
024117
024133
024135
024141
024163
024192
024199
024236
024238
024239
024241
024250
024252
024260
024266
024280
024282
024306
024318
024337
024347
024378
024386
024399
024402
024407
024420
024421
024424
024440
024443
024473
024504
024507
024519
024531
024535
024551
024554
024560
024577
024589
024590
024608
024645
024648
024651
024653
024654
024655
024662
024673
024750
024761
024769
024781
024786
024802
024819
024831
024851
024877
024930
024932
024935
024936
024954
024961
024979
024981
024988
024998
025003
025013
025015
025029
025048
025054
025062
025067
025078
025100
025107
025130
025134
025185
025188
025195
025199
025217
025231
025244
025263
025265
025266
025274
025275
025279
025313
025320
025328
025354
025366
025376
025385
025386
025387
025388
025389
025397
025406
025408
025419
025423
025429
025432
025437
025446
025461
025472
025490
025496
025520
025533
025537
025580
025582
025584
025603
025606
025607
025608
025614
025618
025621
025628
025653
025659
025674
025677
025679
025683
025704
025721
025732
025735
025744
025745
025755
025775
025793
025799
025801
025802
025804
025812
025824
025826
025830
025850
025874
025883
025884
025892
025893
025897
025898
025909
025924
025951
025954
025962
025973
025980
025990
025991
026026
026029
026051
026059
026086
026101
026115
026117
026123
026148
026160
026166
026168
026186
026189
026201
026202
026213
026246
026251
026253
026259
026261
026271
026273
026276
026292
026299
026354
026359
026361
026370
026372
026428
026440
026475
026480
026484
026490
026498
026504
026526
026539
026541
026562
026563
026581
026582
026585
026594
026602
026608
026635
026637
026651
026656
026696
026701
026730
026743
026746
026748
026750
026752
026775
026781
026782
026789
026791
026793
026794
026799
026812
026817
026830
026835
026841
026842
026843
026844
026846
026858
026861
026863
026877
026881
026904
026925
026927
026932
026933
026938
026972
026974
027028
027034
027057
027059
027069
027074
027086
027091
027130
027151
027154
027168
027171
027178
027186
027209
027210
027212
027220
027225
027243
027263
027272
027277
027282
027297
027305
027310
027312
027339
027342
027349
027352
027358
027365
027370
027374
027385
027394
027442
027454
027465
027468
027477
027483
027490
027492
027506
027520
027526
027534
027542
027543
027577
027597
027601
027620
027635
027695
027710
027715
027734
027737
027743
027773
027777
027787
027798
027805
027823
027824
027834
027846
027851
027865
027868
027879
027884
027893
027909
027910
027929
027957
027977
027986
027995
027996
027998
028004
028035
028036
028051
028076
028084
028115
028121
028137
028154
028155
028161
028188
028222
028224
028242
028247
028259
028262
028283
028306
028343
028351
028354
028371
028376
028381
028384
028394
028398
028401
028409
028415
028417
028426
028434
028500
028502
028512
028516
028545
028562
028579
028598
028618
028619
028634
028637
028649
028664
028667
028671
028718
028738
028746
028756
028761
028762
028764
028768
028777
028779
028780
028790
028793
028794
028796
028809
028815
028824
028831
028839
028870
028888
028894
028909
028928
028940
028941
028950
028954
028966
028971
028984
029005
029013
029016
029022
029036
029041
029046
029060
029074
029089
029097
029101
029129
029160
029167
029169
029177
029192
029208
029221
029228
029232
029243
029251
029256
029259
029264
029276
029285
029291
029298
029301
029308
029310
029312
029332
029349
029358
029366
029370
029386
029387
029390
029401
029402
029403
029405
029420
029428
029439
029453
029464
029468
029481
029491
029496
029501
029506
029517
029518
029530
029548
029572
029578
029583
029592
029602
029614
029616
029622
029644
029661
029665
029666
029684
029696
029707
029711
029723
029733
029735
029744
029750
029758
029763
029772
029798
029824
029834
029844
029868
029882
029886
029907
029920
029926
029934
029939
029951
029964
029967
029980
029982
029984
029987
030019
030039
030053
030054
030059
030063
030079
030095
030097
030102
030124
030138
030140
030145
030150
030160
030162
030173
030191
030211
030229
030234
030248
030263
030264
030273
030293
030296
030306
030318
030364
030369
030371
030378
030384
030390
030392
030393
030395
030413
030415
030424
030429
030433
030440
030443
030444
030446
030467
030474
030502
030508
030519
030521
030540
030558
030565
030579
030601
030608
030611
030646
030650
030651
030653
030654
030665
030680
030696
030710
030720
030731
030737
030747
030756
030758
030759
030772
030785
030803
030810
030833
030845
030855
030857
030869
030883
030895
030900
030913
030922
030924
030941
030942
030945
030948
030963
030977
031015
031023
031027
031038
031053
031067
031090
031105
031107
031118
031120
031123
031124
031142
031147
031159
031176
031196
031230
031253
031265
031271
031280
031291
031296
031317
031330
031334
031358
031376
031382
031388
031408
031440
031448
031474
031490
031493
031510
031516
031517
031519
031521
031523
031529
031542
031590
031595
031599
031606
031607
031608
031620
031633
031648
031652
031657
031683
031692
031732
031739
031746
031759
031760
031764
031771
031777
031778
031779
031793
031803
031805
031808
031822
031854
031858
031866
031875
031907
031921
031934
031935
031940
031946
031955
031975
031987
031997
031999
032018
032019
032024
032025
032031
032069
032070
032073
032080
032098
032119
032139
032151
032160
032164
032169
032170
032216
032217
032222
032227
032228
032255
032261
032284
032290
032294
032328
032336
032344
032354
032369
032373
032385
032390
032397
032404
032426
032430
032454
032472
032475
032493
032499
032502
032522
032535
032547
032583
032598
032629
032630
032632
032641
032657
032659
032661
032662
032669
032685
032692
032693
032697
032711
032726
032752
032778
032781
032783
032792
032796
032798
032803
032818
032826
032834
032859
032862
032865
032873
032874
032883
032887
032894
032903
032906
032958
032960
032965
032971
032982
032983
032987
032989
032997
033010
033014
033025
033044
033047
033067
033082
033084
033087
033088
033090
033096
033097
033112
033148
033153
033156
033193
033208
033214
033216
033243
033247
033270
033275
033285
033287
033293
033299
033346
033364
033368
033371
033374
033375
033387
033397
033398
033403
033420
033459
033506
033507
033511
033523
033530
033535
033536
033544
033549
033564
033574
033578
033581
033584
033595
033616
033619
033624
033633
033643
033661
033667
033676
033684
033694
033707
033715
033721
033733
033737
033738
033751
033758
033760
033761
033774
033776
033786
033791
033799
033801
033818
033827
033829
033834
033843
033870
033875
033895
033897
033898
033907
033909
033913
033916
033927
033928
033960
033967
033972
033989
033992
033993
034005
034010
034020
