000004
000025
000036
000041
000050
000055
000064
000070
000080
000084
000088
000101
000112
000143
000153
000161
000162
000164
000165
000168
000198
000199
000202
000210
000241
000244
000270
000274
000283
000286
000293
000318
000319
000337
000345
000359
000365
000366
000373
000377
000389
000404
000421
000435
000478
000484
000488
000511
000515
000525
000531
000534
000554
000565
000566
000567
000572
000577
000578
000589
000611
000613
000621
000654
000655
000656
000675
000693
000715
000721
000733
000752
000769
000770
000775
000789
000808
000837
000842
000855
000860
000873
000879
000885
000894
000896
000911
000925
000937
000951
000961
000962
000966
000980
000987
000993
001007
001010
001040
001043
001054
001065
001076
001114
001124
001161
001172
001189
001195
001196
001201
001209
001226
001235
001239
001259
001275
001277
001286
001290
001292
001307
001314
001337
001343
001358
001360
001363
001367
001371
001381
001389
001392
001408
001419
001421
001422
001434
001447
001465
001473
001474
001484
001502
001503
001510
001513
001514
001515
001518
001544
001552
001553
001563
001569
001571
001581
001586
001589
001591
001605
001606
001608
001611
001640
001657
001660
001677
001681
001688
001708
001718
001719
001725
001759
001772
001775
001789
001791
001801
001807
001814
001832
001834
001835
001836
001869
001888
001904
001906
001911
001915
001917
001922
001927
001931
001932
001954
001968
001969
001982
001987
001991
001994
002016
002017
002022
002040
002048
002088
002089
002093
002103
002106
002127
002129
002130
002131
002139
002143
002146
002148
002159
002167
002183
002184
002233
002254
002260
002274
002292
002294
002348
002358
002362
002385
002407
002456
002457
002511
002515
002535
002536
002552
002559
002565
002569
002573
002605
002610
002611
002655
002659
002661
002689
002692
002694
002696
002708
002714
002723
002729
002750
002759
002777
002779
002822
002828
002829
002837
002852
002853
002858
002863
002873
002884
002889
002925
002936
002945
002973
002976
002978
002980
002988
003009
003028
003030
003061
003063
003076
003081
003089
003093
003100
003101
003110
003154
003165
003170
003195
003204
003217
003235
003240
003241
003255
003260
003261
003267
003285
003290
003297
003299
003301
003307
003315
003318
003320
003344
003364
003381
003403
003404
003406
003415
003425
003444
003445
003462
003467
003496
003507
003508
003515
003529
003536
003542
003545
003570
003588
003594
003604
003632
003654
003655
003659
003664
003675
003695
003709
003716
003723
003732
003742
003758
003777
003780
003797
003820
003825
003871
003878
003902
003913
003938
003942
003947
003962
003966
003993
003996
004005
004010
004015
004041
004045
004072
004087
004103
004104
004123
004126
004130
004159
004171
004174
004176
004181
004188
004190
004192
004193
004202
004218
004222
004227
004234
004238
004242
004255
004282
004292
004303
004308
004315
004316
004325
004339
004358
004360
004365
004375
004387
004392
004393
004395
004413
004416
004460
004478
004501
004504
004515
004545
004560
004570
004572
004578
004590
004592
004598
004626
004642
004651
004662
004668
004670
004672
004679
004686
004727
004753
004766
004769
004773
004786
004790
004807
004815
004844
004853
004856
004875
004880
004882
004884
004928
004930
004948
004977
004990
004992
004996
005064
005082
005104
005105
005108
005121
005130
005135
005138
005169
005190
005212
005223
005241
005251
005282
005316
005338
005342
005349
005350
005369
005370
005394
005403
005408
005438
005451
005457
005487
005488
005496
005510
005511
005520
005531
005549
005574
005586
005618
005624
005625
005642
005653
005691
005703
005705
005706
005707
005709
005710
005714
005720
005723
005741
005749
005754
005774
005785
005801
005806
005822
005825
005828
005832
005834
005839
005844
005845
005849
005853
005855
005863
005873
005875
005883
005886
005888
005897
005903
005909
005919
005930
005938
005967
005974
005980
005992
005995
005999
006003
006017
006024
006032
006047
006049
006059
006063
006083
006100
006107
006113
006120
006161
006162
006163
006166
006167
006171
006194
006210
006226
006241
006252
006257
006264
006270
006273
006291
006303
006323
006388
006402
006404
006406
006417
006438
006440
006445
006463
006477
006489
006492
006497
006510
006524
006527
006528
006550
006562
006570
006574
006583
006598
006607
006621
006622
006628
006629
006640
006651
006664
006694
006716
006720
006747
006748
006763
006795
006808
006823
006830
006832
006843
006849
006862
006875
006888
006902
006911
006978
006980
007000
007001
007012
007016
007021
007062
007064
007102
007109
007110
007119
007142
007144
007155
007172
007195
007197
007200
007204
007244
007265
007278
007283
007290
007294
007318
007324
007338
007357
007358
007361
007364
007365
007382
007428
007436
007454
007456
007470
007477
007490
007494
007500
007517
007526
007536
007544
007562
007581
007601
007611
007618
007644
007651
007671
007678
007685
007700
007714
007723
007738
007739
007753
007756
007759
007763
007768
007795
007824
007836
007849
007875
007876
007882
007887
007892
007901
007902
007917
007925
007929
007947
007959
007990
007992
008008
008010
008013
008017
008032
008049
008082
008092
008096
008102
008116
008120
008129
008139
008162
008163
008177
008182
008198
008203
008223
008226
008237
008246
008276
008280
008322
008345
008363
008375
008376
008379
008384
008403
008423
008433
008467
008476
008481
008484
008511
008516
008523
008533
008539
008543
008551
008557
008560
008563
008584
008585
008588
008589
008592
008607
008614
008622
008623
008629
008643
008648
008661
008664
008667
008674
008683
008698
008704
008711
008712
008714
008720
008722
008738
008740
008756
008764
008789
008794
008812
008865
008890
008910
008916
008928
008929
008938
008951
008959
008978
008979
008994
009010
009029
009048
009054
009062
009069
009079
009083
009110
009131
009147
009166
009174
009186
009207
009238
009245
009248
009254
009267
009269
009276
009280
009293
009295
009296
009297
009317
009324
009331
009343
009344
009347
009364
009380
009382
009384
009385
009388
009390
009406
009418
009419
009441
009449
009477
009486
009507
009515
009531
009547
009557
009563
009577
009579
009581
009588
009625
009629
009646
009649
009654
009657
009662
009668
009682
009684
009687
009694
009708
009709
009718
009729
009749
009776
009783
009785
009827
009830
009843
009848
009849
009860
009866
009874
009884
009885
009894
009900
009902
009907
009909
009913
009915
009930
009949
009950
009952
009954
009976
010002
010005
010018
010034
010056
010081
010095
010099
010105
010114
010138
010161
010167
010212
010246
010256
010261
010291
010293
010299
010302
010325
010329
010357
010371
010374
010388
010395
010407
010413
010432
010441
010460
010476
010479
010485
010496
010519
010520
010539
010543
010546
010553
010585
010590
010634
010646
010651
010661
010664
010684
010691
010694
010727
010735
010737
010749
010778
010783
010785
010793
010808
010821
010826
010828
010864
010865
010888
010891
010913
010915
010925
010946
010952
010963
010965
010967
010979
010981
010998
011011
011017
011026
011028
011076
011091
011100
011101
011113
011119
011129
011147
011167
011177
011186
011187
011199
011201
011216
011253
011256
011279
011282
011284
011299
011316
011318
011328
011340
011341
011347
011348
011429
011430
011440
011467
011470
011520
011538
011551
011564
011618
011624
011626
011655
011663
011672
011679
011681
011689
011698
011700
011706
011709
011713
011715
011716
011736
011738
011748
011749
011757
011771
011777
011780
011788
011793
011809
011832
011836
011841
011846
011867
011871
011891
011895
011905
011933
011948
011957
011967
011982
011984
011989
011993
012025
012027
012044
012052
012079
012082
012085
012088
012103
012111
012115
012152
012153
012161
012198
012206
012212
012214
012219
012224
012229
012235
012252
012253
012261
012265
012268
012278
012313
012320
012330
012374
012394
012395
012396
012400
012411
012421
012429
012438
012440
012455
012457
012460
012468
012486
012498
012500
012520
012527
012535
012543
012556
012557
012568
012570
012573
012581
012596
012599
012609
012610
012613
012634
012653
012659
012678
012679
012681
012683
012702
012720
012728
012732
012750
012754
012756
012771
012774
012783
012795
012812
012829
012838
012840
012841
012850
012857
012863
012893
012914
012924
012933
012947
012961
012962
012965
012983
012989
012995
013024
013036
013039
013062
013064
013078
013086
013103
013105
013107
013119
013139
013141
013164
013166
013174
013190
013226
013235
013245
013261
013263
013265
013271
013272
013275
013312
013313
013351
013380
013387
013411
013431
013434
013443
013449
013450
013464
013470
013477
013479
013490
013499
013519
013520
013539
013550
013553
013580
013588
013590
013613
013636
013637
013638
013669
013674
013680
013682
013684
013701
013712
013714
013723
013756
013765
013791
013812
013822
013823
013828
013832
013844
013854
013882
013885
013887
013888
013890
013892
013902
013908
013915
013917
013922
013935
013937
013938
013945
013961
013972
014008
014025
014039
014047
014056
014077
014093
014124
014126
014135
014167
014168
014187
014189
014213
014221
014232
014248
014250
014255
014282
014291
014297
014326
014355
014376
014398
014406
014413
014426
014431
014453
014466
014490
014520
014536
014552
014554
014586
014590
014597
014601
014615
014631
014657
014672
014698
014709
014720
014733
014738
014764
014766
014820
014822
014837
014842
014852
014858
014861
014869
014896
014901
014917
014926
014945
014987
014991
015005
015007
015009
015036
015044
015060
015086
015106
015115
015129
015130
015131
015132
015153
015160
015161
015165
015204
015209
015213
015223
015227
015259
015270
015281
015284
015286
015287
015297
015310
015319
015333
015361
015374
015378
015386
015397
015419
015427
015438
015442
015447
015493
015504
015507
015510
015559
015565
015604
015606
015608
015626
015631
015649
015650
015661
015663
015689
015702
015705
015708
015712
015733
015766
015770
015771
015802
015836
015843
015851
015852
015853
015854
015855
015857
015862
015870
015887
015892
015897
015905
015909
015917
015918
015923
015930
015947
015956
015966
015986
015995
016008
016048
016070
016076
016121
016168
016211
016231
016243
016247
016254
016259
016264
016310
016316
016319
016321
016322
016325
016327
016337
016347
016382
016470
016496
016498
016512
016517
016535
016578
016613
016637
016657
016664
016677
016717
016746
016756
016765
016791
016796
016836
016846
016883
016966
016991
016994
016996
017006
017074
017091
017096
017098
017158
017173
017179
017274
017284
017310
017337
017360
017362
017389
017439
017497
017512
017526
017529
017617
017639
017670
017706
017713
017734
017737
017756
017811
017823
017896
017955
017957
017995
018016
018124
018126
018150
018213
018222
018223
018242
018246
018277
018308
018336
018352
018369
018373
018383
018407
018419
018420
018489
018508
018579
018641
018680
018719
018741
018758
018841
018842
018887
018934
019018
019073
019165
019184
019202
019212
019290
019292
019313
019387
019480
019486
019590
019596
019625
019664
019703
019720
019763
019799
019860
019920
019932
019945
019968
019970
019971
020060
020126
020202
020216
020218
020233
020257
020260
020282
020291
020298
020302
020342
020358
020378
020387
020393
020415
020550
020551
020570
020599
020681
020753
020775
020778
020787
020809
020812
020870
020889
020901
020930
020961
020994
021027
021122
021185
021219
021288
021406
021450
021459
021466
021510
021522
021537
021541
021543
021563
021585
021587
021597
021662
021706
021741
021762
021798
021816
021846
021876
021881
021900
021949
021996
022026
022036
022058
022090
022190
022200
022220
022239
022266
022309
022357
022358
022365
022394
022400
022408
022414
022476
022504
022616
022685
022686
022719
022740
022811
022834
022869
022899
022929
023004
023016
023043
023047
023070
023077
023088
023150
023204
023223
023235
023295
023317
023319
023322
023354
023389
023399
023415
023502
023596
023616
023716
023717
023762
023784
023789
023807
023817
023828
023843
023874
023890
023896
023982
024003
024107
024173
024188
024191
024192
024194
024267
024334
024335
024338
024346
024354
024362
024389
024527
024555
024611
024642
024665
024730
024741
024742
024747
024748
024749
024780
024835
024870
024903
024922
024978
024993
025022
025048
025089
025100
025258
025261
025285
025308
025327
025460
025462
025496
025618
025641
025669
025677
025741
025754
025757
025765
025766
025767
025797
025813
025830
025873
025903
025924
025954
025962
025986
026004
026032
026059
026101
026196
026274
026334
026391
026414
026428
026469
026579
026624
026641
026650
026695
026703
026722
026836
026861
026879
026898
026901
026927
026928
026954
026986
027011
027060
027114
027130
027186
027239
027249
027296
027340
027343
027347
027360
027394
027405
027418
027435
027450
027525
027546
027550
027599
027659
027681
027684
027703
027706
027713
027720
027791
027853
027870
027886
027933
027951
028009
028047
028055
028057
028075
028127
028140
028149
028162
028239
028243
028247
028274
028306
028334
028449
028552
028565
028597
028640
028701
028715
028728
028774
028796
028845
028877
028906
028967
028973
028983
029101
029133
029149
029221
029293
029308
029353
029361
029376
029397
029431
029508
029521
029540
029564
029674
029684
029731
029774
029785
029855
029906
029907
029909
029916
029937
029964
030019
030037
030040
030054
030096
030099
030109
030119
030231
030249
030264
030268
030320
030331
030382
030385
030435
030484
030547
030614
030646
030682
030690
030697
030705
030736
030742
030753
030754
030814
030856
030866
030869
030877
030878
030892
030924
030929
030945
030963
030968
030977
031013
031030
031068
031090
031124
031134
031217
031238
031366
031369
031423
031473
031480
031490
031514
031522
031544
031565
031579
031619
031633
031645
031656
031667
031753
031801
031811
031832
031837
031839
031842
031847
031891
032021
032046
032113
032132
032156
032259
032265
032303
032304
032305
032310
032385
032397
032420
032513
032543
032563
032608
032685
032711
032724
032726
032738
032763
032777
032782
032849
032884
032901
032926
032955
033058
033093
033197
033208
033216
033246
033262
033268
033332
033344
033346
033350
033454
033458
033490
033499
033645
033661
033676
033686
033708
033731
033760
033767
033810
033850
033890
033949
033975
033997
